exemple_data/Melocactus_MOP/T_Layers/Set1/Layers_1/altitude.asc
ncols         264
nrows         360
xllcorner     -45
yllcorner     -17
cellsize      0.041666666666667
NODATA_value  -9999
[rows 0 to 39 of 360, columns 0 to 91 of 264]
27 37 47 45 41 26 25 39 31 19 14 8 8 -9999 -9999 -9999 -9999 -9999 -9999 -9999 -9999 -9999 -9999 -9999 -9999 -9999 -9999 -9999 -9999 -9999 -9999 -9999 -9999 -9999 -9999 -9999 -9999 -9999 -9999 -9999 -9999 -9999 -9999 -9999 -9999 -9999 -9999 -9999 -9999 -9999 -9999 -9999 -9999 -9999 -9999 -9999 -9999 -9999 -9999 -9999 -9999 -9999 -9999 -9999 -9999 -9999 -9999 -9999 -9999 -9999 -9999 -9999 -9999 -9999 -9999 -9999 -9999 -9999 -9999 -9999 -9999 -9999 -9999 -9999 -9999 -9999 -9999 -9999 -9999 -9999 -9999 -9999
36 33 44 32 26 25 40 35 26 26 23 12 5 -9999 -9999 -9999 -9999 -9999 -9999 -9999 -9999 -9999 -9999 -9999 -9999 -9999 -9999 -9999 -9999 -9999 -9999 -9999 -9999 -9999 -9999 -9999 -9999 -9999 -9999 -9999 -9999 -9999 -9999 -9999 -9999 -9999 -9999 -9999 -9999 -9999 -9999 -9999 -9999 -9999 -9999 -9999 -9999 -9999 -9999 -9999 -9999 -9999 -9999 -9999 -9999 -9999 -9999 -9999 -9999 -9999 -9999 -9999 -9999 -9999 -9999 -9999 -9999 -9999 -9999 -9999 -9999 -9999 -9999 -9999 -9999 -9999 -9999 -9999 -9999 -9999 -9999 -9999
36 42 42 31 43 35 44 36 34 26 12 -9999 -9999 -9999 -9999 -9999 -9999 -9999 -9999 -9999 -9999 -9999 -9999 -9999 -9999 -9999 -9999 -9999 -9999 -9999 -9999 -9999 -9999 -9999 -9999 -9999 -9999 -9999 -9999 -9999 -9999 -9999 -9999 -9999 -9999 -9999 -9999 -9999 -9999 -9999 -9999 -9999 -9999 -9999 -9999 -9999 -9999 -9999 -9999 -9999 -9999 -9999 -9999 -9999 -9999 -9999 -9999 -9999 -9999 -9999 -9999 -9999 -9999 -9999 -9999 -9999 -9999 -9999 -9999 -9999 -9999 -9999 -9999 -9999 -9999 -9999 -9999 -9999 -9999 -9999 -9999 -9999
42 46 36 34 50 49 42 28 22 12 -9999 9 20 20 -9999 -9999 -9999 -9999 -9999 -9999 -9999 -9999 -9999 -9999 -9999 -9999 -9999 -9999 -9999 -9999 -9999 -9999 -9999 -9999 -9999 -9999 -9999 -9999 -9999 -9999 -9999 -9999 -9999 -9999 -9999 -9999 -9999 -9999 -9999 -9999 -9999 -9999 -9999 -9999 -9999 -9999 -9999 -9999 -9999 -9999 -9999 -9999 -9999 -9999 -9999 -9999 -9999 -9999 -9999 -9999 -9999 -9999 -9999 -9999 -9999 -9999 -9999 -9999 -9999 -9999 -9999 -9999 -9999 -9999 -9999 -9999 -9999 -9999 -9999 -9999 -9999 -9999
49 45 34 31 31 28 39 35 25 15 12 18 30 20 17 -9999 -9999 -9999 -9999 -9999 -9999 -9999 -9999 -9999 -9999 -9999 -9999 -9999 -9999 -9999 -9999 -9999 -9999 -9999 -9999 -9999 -9999 -9999 -9999 -9999 -9999 -9999 -9999 -9999 -9999 -9999 -9999 -9999 -9999 -9999 -9999 -9999 -9999 -9999 -9999 -9999 -9999 -9999 -9999 -9999 -9999 -9999 -9999 -9999 -9999 -9999 -9999 -9999 -9999 -9999 -9999 -9999 -9999 -9999 -9999 -9999 -9999 -9999 -9999 -9999 -9999 -9999 -9999 -9999 -9999 -9999 -9999 -9999 -9999 -9999 -9999 -9999
50 39 43 34 20 18 16 15 16 7 16 14 26 21 22 -9999 -9999 -9999 -9999 -9999 -9999 -9999 -9999 -9999 -9999 -9999 -9999 -9999 -9999 -9999 -9999 -9999 -9999 -9999 -9999 -9999 -9999 -9999 -9999 -9999 -9999 -9999 -9999 -9999 -9999 -9999 -9999 -9999 -9999 -9999 -9999 -9999 -9999 -9999 -9999 -9999 -9999 -9999 -9999 -9999 -9999 -9999 -9999 -9999 -9999 -9999 -9999 -9999 -9999 -9999 -9999 -9999 -9999 -9999 -9999 -9999 -9999 -9999 -9999 -9999 -9999 -9999 -9999 -9999 -9999 -9999 -9999 -9999 -9999 -9999 -9999 -9999
42 48 38 20 11 9 8 7 3 18 30 20 28 33 21 -9999 -9999 -9999 -9999 -9999 -9999 -9999 -9999 -9999 -9999 -9999 -9999 -9999 -9999 -9999 4 5 7 7 -9999 -9999 -9999 -9999 -9999 -9999 -9999 -9999 -9999 -9999 -9999 -9999 -9999 -9999 -9999 -9999 -9999 -9999 -9999 -9999 -9999 -9999 -9999 -9999 -9999 -9999 -9999 -9999 -9999 -9999 -9999 -9999 -9999 -9999 -9999 -9999 -9999 -9999 -9999 -9999 -9999 -9999 -9999 -9999 -9999 -9999 -9999 -9999 -9999 -9999 -9999 -9999 -9999 -9999 -9999 -9999 -9999 -9999
42 33 13 4 7 16 11 13 13 33 30 26 40 35 29 22 -9999 -9999 -9999 -9999 -9999 -9999 -9999 -9999 -9999 -9999 -9999 -9999 -9999 -9999 4 7 6 -9999 -9999 -9999 -9999 -9999 -9999 -9999 -9999 -9999 -9999 -9999 -9999 -9999 -9999 -9999 -9999 -9999 -9999 -9999 -9999 -9999 -9999 -9999 -9999 -9999 -9999 -9999 -9999 -9999 -9999 -9999 -9999 -9999 -9999 -9999 -9999 -9999 -9999 -9999 -9999 -9999 -9999 -9999 -9999 -9999 -9999 -9999 -9999 -9999 -9999 -9999 -9999 -9999 -9999 -9999 -9999 -9999 -9999 -9999
25 7 3 4 12 25 18 8 11 25 34 27 37 40 31 33 -9999 -9999 -9999 -9999 -9999 -9999 -9999 -9999 -9999 -9999 -9999 -9999 -9999 7 5 6 5 -9999 6 3 5 7 8 7 7 5 4 -9999 -9999 -9999 -9999 -9999 -9999 -9999 -9999 -9999 -9999 -9999 -9999 -9999 -9999 -9999 -9999 -9999 -9999 -9999 -9999 -9999 -9999 -9999 -9999 -9999 -9999 -9999 -9999 -9999 -9999 -9999 -9999 -9999 -9999 -9999 -9999 -9999 -9999 -9999 -9999 -9999 -9999 -9999 -9999 -9999 -9999 -9999 -9999 -9999
10 2 3 2 5 15 9 9 11 25 16 12 15 15 18 -9999 -9999 -9999 -9999 -9999 -9999 5 5 4 -9999 -9999 -9999 0 7 7 2 4 5 5 7 6 6 9 10 10 11 4 3 5 4 3 -9999 -9999 -9999 -9999 -9999 -9999 -9999 -9999 -9999 -9999 -9999 -9999 -9999 -9999 -9999 -9999 -9999 -9999 -9999 -9999 -9999 -9999 -9999 -9999 -9999 -9999 -9999 -9999 -9999 -9999 -9999 -9999 -9999 -9999 -9999 -9999 -9999 -9999 -9999 -9999 -9999 -9999 -9999 -9999 -9999 -9999
3 3 9 12 13 11 17 15 14 32 23 14 7 2 0 0 -9999 -9999 -9999 -9999 14 10 7 8 -9999 -9999 -9999 4 6 6 7 -9999 -9999 -9999 4 5 -9999 4 7 8 4 3 5 3 6 5 5 4 -9999 -9999 -9999 -9999 -9999 -9999 -9999 -9999 -9999 -9999 -9999 -9999 -9999 -9999 -9999 -9999 -9999 -9999 -9999 -9999 -9999 -9999 -9999 -9999 -9999 -9999 -9999 -9999 -9999 -9999 -9999 -9999 -9999 -9999 -9999 -9999 -9999 -9999 -9999 -9999 -9999 -9999 -9999 -9999
8 8 25 39 26 23 41 29 25 38 30 20 13 1 0 0 1 19 28 30 25 18 10 14 -9999 -9999 -9999 4 5 4 6 6 4 5 6 6 1 6 8 6 5 2 2 4 10 10 8 7 5 4 -9999 -9999 -9999 -9999 -9999 -9999 -9999 -9999 -9999 -9999 -9999 -9999 -9999 -9999 -9999 -9999 -9999 -9999 -9999 -9999 -9999 -9999 -9999 -9999 -9999 -9999 -9999 -9999 -9999 -9999 -9999 -9999 -9999 -9999 -9999 -9999 -9999 -9999 -9999 -9999 -9999 -9999
10 13 21 39 33 25 30 35 42 37 10 9 5 0 0 2 6 14 38 32 34 27 18 17 -9999 -9999 4 6 7 6 6 6 6 6 8 7 6 7 11 8 7 7 8 10 11 14 13 11 9 8 5 4 -9999 -9999 -9999 -9999 -9999 -9999 -9999 -9999 -9999 -9999 -9999 -9999 -9999 -9999 -9999 -9999 -9999 -9999 -9999 -9999 -9999 -9999 -9999 -9999 -9999 -9999 -9999 -9999 -9999 -9999 -9999 -9999 -9999 -9999 -9999 -9999 -9999 -9999 -9999 -9999
14 25 24 28 16 7 10 13 10 8 7 0 0 0 0 14 14 16 34 42 30 22 18 16 -9999 12 10 8 12 18 13 11 9 10 9 10 10 12 12 10 11 11 13 14 15 18 18 17 19 19 18 13 9 4 2 1 -9999 -9999 -9999 -9999 -9999 -9999 -9999 -9999 -9999 -9999 -9999 -9999 -9999 -9999 -9999 -9999 -9999 -9999 -9999 -9999 -9999 -9999 -9999 -9999 -9999 -9999 -9999 -9999 -9999 -9999 -9999 -9999 -9999 -9999 -9999 -9999
24 23 29 12 3 3 4 4 6 5 4 0 0 0 0 10 20 30 36 40 22 19 -9999 -9999 -9999 18 18 16 21 27 25 24 14 17 16 15 12 14 15 14 17 17 19 18 25 26 24 25 27 30 31 25 15 7 4 4 2 -9999 -9999 -9999 -9999 -9999 -9999 -9999 -9999 -9999 -9999 -9999 -9999 -9999 -9999 -9999 -9999 -9999 -9999 -9999 -9999 -9999 -9999 -9999 -9999 -9999 -9999 -9999 -9999 -9999 -9999 -9999 -9999 -9999 -9999 -9999
33 32 13 7 2 4 4 4 3 3 0 0 0 0 0 9 23 32 20 22 26 22 -9999 29 29 25 27 23 27 35 34 29 20 15 24 27 19 19 25 25 24 24 24 25 29 32 35 36 38 36 31 27 18 11 6 8 1 3 -9999 -9999 -9999 -9999 -9999 -9999 -9999 -9999 -9999 -9999 -9999 -9999 -9999 -9999 -9999 -9999 -9999 -9999 -9999 -9999 -9999 -9999 -9999 -9999 -9999 -9999 -9999 -9999 -9999 -9999 -9999 -9999 -9999 -9999
35 32 12 5 3 3 3 3 3 2 0 0 0 0 3 13 20 28 16 12 18 -9999 13 37 47 36 37 24 33 37 43 35 26 26 32 36 24 28 34 33 33 34 30 35 39 42 41 41 41 36 32 22 15 6 7 7 5 6 3 2 2 -9999 -9999 -9999 -9999 -9999 3 1 0 1 2 -9999 -9999 -9999 -9999 -9999 -9999 -9999 -9999 -9999 -9999 -9999 -9999 -9999 -9999 -9999 -9999 -9999 -9999 -9999 -9999 -9999
29 29 13 8 4 4 8 4 5 0 0 2 4 0 4 18 32 20 20 8 -9999 -9999 26 34 51 50 41 43 44 49 50 40 32 38 40 40 34 36 43 43 43 39 40 46 49 48 46 43 41 35 25 12 4 6 5 5 3 2 4 6 6 5 2 0 -9999 2 3 2 3 4 4 2 3 4 4 7 6 -9999 -9999 -9999 -9999 -9999 -9999 -9999 -9999 -9999 -9999 -9999 -9999 -9999 -9999 -9999
36 25 13 10 4 4 10 6 4 0 2 8 6 0 7 10 11 3 8 13 10 17 25 50 56 57 55 52 53 52 48 42 47 55 53 41 46 43 52 51 50 47 51 55 53 50 46 43 38 26 16 8 11 13 16 12 3 0 4 14 15 14 9 4 7 2 1 3 2 3 7 7 7 6 4 4 7 2 -9999 -9999 -9999 -9999 -9999 -9999 -9999 -9999 -9999 -9999 -9999 -9999 -9999 -9999
30 16 7 5 5 6 10 5 3 1 9 8 5 0 7 11 15 16 18 15 18 22 18 35 56 60 62 64 60 58 53 52 60 64 58 45 52 53 57 59 58 57 61 60 56 50 49 41 30 23 14 11 25 36 26 11 12 12 13 26 33 33 27 26 23 13 10 4 4 5 8 10 9 11 2 2 7 4 4 1 -9999 -9999 -9999 -9999 -9999 -9999 -9999 -9999 -9999 -9999 -9999 -9999
35 26 16 8 7 10 11 12 7 0 8 13 8 0 7 9 15 17 18 17 32 42 31 27 45 58 63 67 65 63 59 61 69 70 61 52 59 63 65 66 64 67 67 64 59 58 51 37 30 24 15 28 46 46 35 25 34 34 23 45 49 43 33 35 31 17 21 26 25 20 26 22 13 4 2 1 2 2 3 4 1 -9999 -9999 -9999 -9999 -9999 -9999 -9999 -9999 -9999 -9999 -9999
39 26 12 12 13 5 3 4 1 1 6 8 6 0 4 8 28 20 13 27 50 42 28 40 46 61 67 71 70 67 67 70 74 71 61 63 68 70 73 72 73 75 74 68 69 56 50 50 46 45 27 53 56 58 37 46 53 47 39 58 55 49 46 50 35 44 44 45 38 31 33 23 19 22 4 2 2 5 9 11 5 5 5 3 6 2 6 -9999 4 4 14 17
17 21 22 24 15 4 3 2 2 6 10 10 3 1 4 10 31 23 11 27 44 37 30 48 50 65 72 72 72 71 71 74 76 74 69 72 76 79 80 78 82 81 78 71 57 60 62 62 46 28 58 68 63 45 56 53 55 55 46 56 60 59 54 44 53 59 55 46 40 38 39 37 27 14 3 2 3 14 24 18 21 22 14 13 13 4 8 11 2 3 9 18
18 10 9 16 8 5 3 2 2 8 10 6 1 4 4 9 30 20 13 24 42 41 24 58 49 61 70 73 65 68 74 80 82 76 79 80 84 85 83 89 91 84 75 73 73 73 72 73 43 44 70 75 76 52 73 71 63 58 59 68 67 60 51 66 71 67 60 60 51 41 27 17 17 28 13 3 5 26 30 21 32 23 23 14 13 8 12 12 4 5 7 19
12 14 6 10 5 3 3 5 5 3 5 1 3 4 4 13 31 20 17 29 43 45 25 49 48 56 57 59 66 74 81 83 82 82 85 88 89 85 83 88 89 84 85 82 65 79 73 42 47 61 82 70 64 62 76 78 78 68 70 73 62 65 64 67 77 73 69 67 52 30 24 48 47 24 7 6 14 37 27 30 39 29 23 24 14 13 21 13 12 9 8 28
8 6 5 5 5 3 3 3 6 2 2 4 5 4 4 8 29 22 17 34 43 31 39 23 34 49 79 80 81 84 85 85 87 88 92 90 85 81 75 81 89 90 93 90 63 63 53 43 72 85 85 79 87 70 85 84 73 86 79 69 75 75 74 81 72 53 46 33 35 57 54 46 41 33 9 6 24 41 36 30 41 40 30 21 27 17 26 25 25 16 12 33
15 11 5 5 5 5 4 6 1 2 7 4 4 6 6 7 24 21 21 33 49 38 52 31 47 63 72 81 86 88 89 90 91 93 93 85 89 86 70 85 89 94 95 68 74 57 45 74 77 85 90 90 95 74 90 85 91 90 94 89 77 62 60 52 55 63 62 59 57 51 52 58 64 34 12 25 31 56 40 37 53 44 32 29 30 26 32 36 36 21 30 30
9 7 7 6 6 5 6 3 1 4 6 4 4 7 14 28 22 16 25 44 59 59 48 38 43 72 75 80 86 90 92 91 90 92 93 85 74 85 71 78 81 91 81 80 74 55 75 66 76 78 85 96 90 80 93 91 104 95 83 65 72 80 81 85 86 74 64 63 70 74 65 49 20 11 33 32 44 82 68 48 63 51 40 43 33 39 43 45 36 48 44 43
6 6 6 6 10 5 3 2 4 7 5 4 5 11 34 32 29 18 26 37 50 49 36 27 49 58 71 79 84 89 87 84 94 92 91 91 88 74 63 84 88 86 82 89 68 72 78 62 89 84 100 92 100 92 98 99 96 91 79 95 96 93 89 82 76 83 88 80 82 77 71 55 14 8 10 50 42 54 74 82 68 55 58 46 47 49 57 49 44 60 50 58
6 7 7 7 11 2 6 6 6 11 8 4 4 14 35 33 27 22 29 35 45 44 33 25 55 79 68 78 82 78 79 91 89 91 92 96 98 86 58 72 83 88 92 85 78 70 78 80 74 85 94 89 95 94 93 96 97 91 86 94 91 86 92 87 96 81 42 24 60 58 32 30 26 18 6 24 67 50 52 87 83 97 78 50 72 63 62 57 41 73 62 68
7 7 7 6 8 6 9 5 5 11 9 5 8 22 42 35 21 23 31 44 50 40 37 24 62 81 83 79 67 71 92 93 73 87 85 92 85 63 85 68 82 92 87 77 77 89 97 85 100 85 93 102 97 82 94 91 97 98 96 95 91 100 90 79 44 27 40 33 16 14 15 23 30 46 11 22 62 80 67 74 93 106 108 77 115 76 90 58 46 54 92 329
9 9 8 7 6 5 6 6 7 12 11 10 15 36 36 34 20 31 32 42 51 47 48 25 40 63 82 71 57 60 59 54 60 70 80 68 69 56 78 81 77 92 88 91 78 80 90 97 94 100 102 99 98 102 78 100 93 91 97 104 101 90 60 34 48 73 80 39 14 15 42 58 63 30 22 19 67 93 82 81 101 103 118 128 134 95 222 57 53 64 339 761
9 9 8 9 8 8 7 7 8 11 15 21 35 39 30 20 25 33 39 36 54 49 36 42 25 33 50 73 62 65 56 67 55 52 56 63 62 60 85 92 79 85 94 96 90 86 87 95 104 102 96 96 101 98 76 85 92 102 103 84 78 52 45 59 85 81 80 25 14 33 74 64 59 22 27 54 77 99 95 90 96 97 138 174 362 334 145 83 94 79 198 410
11 8 7 9 7 8 7 6 6 7 14 34 43 34 26 21 28 33 52 39 52 57 42 47 29 22 43 57 65 74 50 66 74 65 84 83 74 66 79 98 83 94 86 93 96 83 92 101 103 93 96 97 106 89 71 76 72 54 68 57 66 61 68 63 67 54 43 17 21 46 72 57 35 18 24 41 65 83 99 114 116 113 117 229 233 293 318 402 302 99 146 399
16 9 8 7 7 8 7 9 8 11 19 38 43 35 24 30 38 43 43 48 59 54 51 57 30 26 24 33 41 56 53 65 71 82 88 84 86 64 71 95 87 96 95 94 98 98 93 101 97 93 92 94 90 69 61 64 67 71 66 64 31 30 35 25 25 21 16 28 58 65 54 44 48 36 17 53 61 87 113 118 123 135 124 153 189 217 319 591 298 162 558 590
13 9 9 9 8 7 9 8 10 16 33 51 44 36 24 27 34 46 52 55 66 65 61 42 33 41 23 26 27 39 43 68 68 72 85 93 81 78 66 93 95 98 95 98 102 99 95 101 104 102 84 77 70 83 72 82 75 86 49 26 24 21 20 44 43 27 17 39 67 75 57 62 63 27 18 34 74 76 92 115 127 138 143 171 226 219 331 524 525 519 705 563
12 11 15 14 9 8 12 10 14 23 44 50 43 31 24 32 42 44 58 69 79 72 72 46 32 44 26 31 44 30 43 60 66 81 88 86 86 88 67 87 78 82 72 74 83 78 79 85 82 95 96 85 77 91 76 95 89 64 31 35 58 51 43 46 44 31 36 30 53 78 69 68 59 33 28 32 49 96 109 122 142 135 154 157 199 281 309 420 508 628 630 687
14 19 17 10 12 8 15 12 18 34 52 42 31 29 23 43 53 56 53 61 62 62 72 62 36 47 35 28 51 38 30 40 52 61 75 77 92 87 75 73 64 69 80 77 77 79 82 92 83 99 97 86 79 87 91 86 64 43 30 70 88 85 60 40 31 45 47 36 53 73 65 45 45 25 26 49 56 94 148 139 153 126 131 152 168 188 343 375 429 561 585 702
20 19 10 10 10 7 15 18 22 39 48 52 33 34 26 35 44 43 47 55 49 64 74 61 56 50 48 30 48 45 52 47 36 42 59 69 83 89 78 88 73 81 92 88 89 82 89 91 88 101 96 94 79 98 96 65 50 29 67 71 81 74 50 42 42 56 50 48 70 60 53 38 33 20 48 75 92 106 139 131 146 119 133 143 158 154 248 361 432 506 608 741
11 12 12 14 10 6 8 8 23 46 43 38 34 32 36 29 28 30 43 51 65 84 82 74 57 62 63 31 54 66 73 59 40 41 41 55 76 84 97 88 84 75 97 97 95 85 100 98 88 95 102 87 94 97 67 42 30 43 65 84 82 67 53 62 46 59 60 70 66 58 60 68 46 20 43 59 91 131 141 116 120 118 127 143 140 157 223 301 426 577 628 731
