exemple_data/Melocactus_MOP/T_Layers/Set1/Layers_1/altitude.asc
ncols         264
nrows         360
xllcorner     -45
yllcorner     -17
cellsize      0.041666666666667
NODATA_value  -9999
[rows 80 to 119 of 360, columns 92 to 183 of 264]
538 573 628 694 727 725 647 402 362 351 336 323 316 328 305 318 337 339 328 330 340 347 358 371 376 415 580 621 649 643 594 654 489 601 568 579 517 329 307 310 286 254 229 218 211 203 193 176 173 177 164 161 132 159 154 141 156 144 150 140 137 134 126 118 114 98 109 110 56 60 91 91 87 71 68 126 150 145 144 141 134 119 107 111 96 82 70 54 35 51 57 51
542 604 612 665 764 751 683 429 378 356 338 331 322 330 319 310 325 329 339 346 343 367 367 365 387 532 662 573 543 587 648 589 631 672 637 591 448 332 339 306 264 240 227 214 202 194 177 177 167 156 174 177 164 175 178 172 152 153 166 155 145 136 134 121 104 123 116 71 55 60 78 104 102 89 104 106 152 144 143 141 126 101 90 94 100 90 77 48 37 64 62 59
541 569 600 648 716 766 712 415 375 361 345 338 323 334 333 316 325 323 327 354 364 353 362 379 420 585 601 561 537 585 551 538 632 611 553 539 423 309 302 280 253 237 228 211 199 186 199 204 173 172 191 197 170 183 200 176 164 171 169 153 153 141 128 124 131 114 77 67 69 62 81 115 127 99 105 110 154 142 138 138 124 106 96 81 78 67 55 36 58 75 68 69
548 570 602 638 717 763 652 421 388 362 342 336 339 347 344 320 338 332 333 343 357 370 387 382 457 558 573 560 520 487 485 643 626 561 527 496 358 321 268 277 256 246 226 222 205 196 228 215 184 200 212 213 175 202 193 181 174 169 160 134 134 145 145 137 110 77 84 92 89 67 78 115 137 114 118 114 156 142 132 130 125 115 96 86 84 76 57 52 79 79 80 78
546 588 584 656 689 791 629 408 369 349 350 337 352 360 336 325 355 345 338 355 363 394 448 450 489 541 562 634 519 426 582 653 651 564 508 387 293 275 260 249 247 237 239 214 188 221 257 227 188 207 230 212 199 194 182 168 159 154 153 138 114 119 121 109 82 85 113 123 93 72 90 117 148 152 139 118 158 150 133 124 117 113 106 98 81 57 48 68 83 84 89 86
500 528 545 563 644 742 596 399 369 360 349 347 351 362 342 331 349 350 343 357 386 477 525 515 520 532 545 577 506 406 530 527 650 600 504 394 305 309 278 250 232 220 226 192 211 234 259 226 204 208 218 192 182 178 164 155 146 133 132 130 112 94 87 86 107 88 137 124 94 84 103 120 149 177 173 138 141 137 137 126 116 104 92 80 66 69 69 87 96 99 105 99
548 608 655 613 697 702 682 433 397 371 366 354 366 362 346 342 350 353 352 355 381 412 494 498 521 516 548 523 506 382 458 446 503 444 477 457 357 324 274 259 242 242 197 211 227 260 248 224 232 229 209 189 171 165 160 149 138 123 115 111 101 93 106 109 100 107 144 115 104 86 122 154 161 206 185 184 131 131 138 126 124 112 75 47 61 77 80 104 120 124 111 84
584 630 675 680 744 782 732 539 420 392 372 371 393 362 383 364 353 361 365 367 378 412 495 489 499 519 570 556 510 386 421 364 333 327 339 316 317 299 267 252 236 216 227 223 261 287 260 225 228 224 211 193 185 175 152 133 137 134 126 114 105 95 115 129 109 213 157 132 137 93 114 147 163 232 236 186 134 118 97 81 79 57 45 45 64 86 79 89 108 97 91 77
580 618 624 640 735 827 763 565 429 392 386 372 390 393 395 362 352 364 384 391 388 443 498 484 490 531 630 684 584 380 524 412 355 300 304 279 297 286 265 257 233 236 250 249 265 287 243 211 204 205 190 175 162 152 154 151 166 151 131 132 113 109 120 139 123 332 173 179 178 99 145 186 171 236 218 179 214 174 126 98 71 54 55 50 62 106 95 109 122 137 141 101
595 643 677 710 736 786 800 588 493 408 420 393 468 423 369 355 361 373 431 453 419 439 498 472 479 575 667 735 643 451 365 451 395 313 292 280 265 269 263 241 233 254 270 273 270 284 243 218 201 192 193 178 163 184 183 176 163 150 130 112 124 121 125 137 205 356 215 247 143 109 124 158 162 204 231 259 222 203 160 125 94 66 66 71 71 101 115 156 177 172 151 127
590 633 620 693 676 789 788 645 575 450 409 415 450 380 375 376 375 412 489 476 450 456 480 468 466 557 627 700 575 400 450 444 357 311 306 281 263 255 250 242 257 261 286 288 291 274 252 222 209 191 175 190 193 199 178 163 160 128 119 113 122 139 135 150 334 340 182 172 132 114 127 158 155 180 198 203 167 148 157 134 90 93 92 94 106 121 158 175 187 173 141 118
611 606 598 654 612 677 770 715 647 442 428 404 443 408 407 448 437 480 531 472 444 464 459 450 456 481 556 632 680 636 534 376 322 312 296 294 273 276 307 260 264 275 272 296 286 238 224 212 198 198 198 206 209 204 163 149 151 143 128 133 122 138 150 152 333 301 264 212 130 142 128 147 161 192 192 189 170 163 131 116 116 136 111 121 132 127 157 172 161 157 146 140
452 490 541 558 598 721 740 720 645 504 475 452 506 496 481 477 477 488 518 472 443 434 434 453 473 483 499 564 621 603 430 372 325 309 296 288 290 302 308 281 271 275 292 289 266 255 228 216 210 225 211 221 196 180 172 159 170 150 142 147 131 141 155 172 389 463 418 161 147 159 146 156 168 187 179 161 147 127 121 134 153 164 134 145 149 150 164 156 154 144 140 116
473 483 548 605 615 640 694 670 626 577 448 517 515 501 493 475 456 453 464 464 452 427 428 458 494 492 494 520 558 602 514 477 337 318 325 302 386 324 383 297 299 285 314 295 299 259 239 229 235 227 232 227 201 205 174 175 182 162 148 156 133 134 153 220 508 531 374 168 174 174 167 218 203 194 177 155 144 153 161 162 169 172 153 149 177 167 159 144 139 135 126 116
562 575 579 626 680 726 733 709 644 553 463 535 525 509 482 478 481 456 434 436 442 427 434 459 497 463 497 506 585 582 534 560 444 372 321 325 415 352 507 316 308 299 309 338 297 261 253 264 270 244 242 228 229 207 187 187 184 168 161 148 141 159 186 190 346 396 223 183 202 171 182 242 273 179 152 155 176 179 184 188 187 171 146 167 187 179 159 149 145 146 140 139
501 535 596 676 742 802 787 745 633 527 529 549 530 512 502 521 534 474 447 424 417 417 422 452 442 453 470 507 538 522 523 576 434 336 410 360 530 505 480 415 379 353 359 370 317 298 288 305 287 262 259 258 240 217 216 188 203 186 166 144 162 180 257 222 450 302 315 212 189 181 226 199 183 223 193 345 369 203 205 197 169 164 156 178 189 180 165 167 160 169 150 147
574 593 648 728 710 766 828 742 609 561 576 554 511 486 497 490 501 490 452 435 423 403 422 434 457 476 478 483 488 507 558 426 415 403 420 406 541 486 466 390 351 346 368 353 314 311 309 305 264 262 292 311 262 238 245 200 207 191 165 146 167 216 221 326 593 501 285 209 195 208 224 192 265 428 496 573 499 260 293 209 177 168 169 203 209 216 183 180 163 151 147 154
583 553 640 680 672 787 801 781 621 604 591 565 536 494 468 458 467 461 448 449 434 406 422 447 473 491 492 513 509 525 447 436 434 392 374 399 441 396 451 393 335 333 364 329 298 300 289 294 271 251 278 289 280 266 265 214 193 168 151 142 172 240 226 553 607 529 489 377 258 212 198 193 215 253 373 546 503 570 408 219 211 196 200 215 216 216 194 176 168 178 159 167
461 476 524 592 608 659 713 798 660 603 599 578 541 506 480 467 439 428 431 472 426 399 435 458 534 535 542 569 512 490 547 510 524 394 358 388 371 354 421 343 321 324 341 296 272 273 277 263 255 238 249 259 299 270 274 228 198 167 145 174 199 286 309 614 588 633 442 386 243 220 211 208 229 242 266 309 488 630 598 349 231 222 224 221 261 243 208 192 185 182 171 170
582 578 580 610 587 622 722 807 694 566 561 557 532 507 495 485 443 417 409 409 395 429 477 487 471 437 473 499 466 502 579 554 528 391 350 356 334 324 372 336 322 309 335 306 282 264 259 248 232 231 217 260 320 259 274 226 201 172 145 201 217 219 538 651 656 607 480 359 253 252 221 215 229 243 254 392 471 448 445 253 233 254 248 263 403 247 220 178 168 164 158 154
556 609 645 672 696 676 719 819 715 560 513 508 516 496 475 459 432 433 430 412 390 416 408 416 403 423 450 478 438 507 542 538 504 437 391 361 327 319 326 299 308 287 308 297 286 279 250 244 228 223 212 253 322 236 272 228 208 167 148 200 175 368 623 711 650 571 532 383 328 295 233 220 221 228 250 280 283 295 367 314 319 373 276 237 221 198 186 178 169 160 152 151
577 589 611 606 698 766 763 814 752 556 512 487 478 470 474 445 448 452 450 412 400 384 382 394 395 402 467 459 469 478 484 509 486 424 435 381 341 324 298 285 281 283 290 273 257 245 224 231 223 205 208 216 225 211 216 202 209 156 164 192 200 617 641 687 584 510 461 443 278 253 245 237 229 235 246 256 283 305 366 453 418 420 267 231 213 204 189 182 172 170 169 162
479 491 523 558 644 727 798 813 821 668 530 499 495 488 481 460 464 441 433 429 428 386 368 372 380 438 404 385 401 414 451 473 484 389 381 370 403 368 315 297 273 267 269 266 239 221 219 211 205 208 207 215 200 223 226 186 167 149 159 175 362 733 678 512 482 502 561 327 301 275 253 298 233 247 255 268 281 312 422 446 466 445 367 273 225 204 197 190 184 174 157 154
577 600 584 573 625 723 746 753 782 752 554 543 527 531 519 516 520 479 488 440 421 398 387 366 397 412 374 404 442 488 478 520 495 395 432 472 416 339 303 282 270 256 250 237 215 211 219 207 204 218 226 228 218 253 257 220 173 153 159 235 622 630 568 552 585 576 370 398 404 269 283 285 257 265 271 276 283 331 368 472 554 427 337 266 226 217 200 188 183 177 158 142
571 551 547 572 657 686 662 644 743 763 581 575 557 585 593 554 526 471 443 424 416 409 495 434 369 361 359 381 406 510 501 476 444 504 524 499 429 336 283 285 293 290 243 223 217 221 252 214 228 266 222 216 195 240 224 186 154 170 193 324 548 690 690 632 583 408 439 545 369 281 277 321 271 286 298 291 301 325 363 382 333 301 284 257 237 212 203 244 222 165 145 134
495 539 636 665 658 609 610 740 791 717 531 523 523 489 480 458 432 416 400 397 394 383 389 388 382 354 342 392 370 400 387 394 450 647 486 407 367 311 292 304 281 249 237 221 219 223 247 231 270 263 209 189 184 203 176 163 176 201 231 415 627 726 697 517 549 539 594 430 302 300 286 348 294 332 399 321 348 393 405 375 310 280 277 252 229 235 250 214 185 168 155 139
497 570 610 558 533 532 595 660 751 724 510 478 481 447 439 436 417 413 410 401 410 412 420 390 374 360 351 339 339 352 358 373 478 583 368 329 314 325 337 325 288 244 230 228 229 262 271 279 282 265 216 217 222 187 174 215 208 227 358 306 535 648 573 526 427 493 507 347 316 314 318 335 356 402 432 355 334 314 305 322 297 264 249 231 210 221 226 184 172 159 146 149
495 489 537 577 593 629 671 717 764 724 579 497 481 460 447 446 446 463 446 409 454 437 462 438 383 382 382 357 334 329 374 420 385 385 312 290 291 349 375 335 288 251 250 261 250 276 286 274 255 244 250 233 218 200 195 249 221 222 372 367 535 434 589 438 364 432 350 349 371 365 405 350 371 423 389 358 319 299 289 279 278 248 231 224 215 187 178 171 150 147 155 164
529 513 598 657 689 723 743 759 783 790 776 689 608 580 537 553 589 552 440 443 497 495 518 445 413 430 467 413 411 340 419 495 369 303 328 320 281 300 304 267 277 321 275 289 311 309 304 291 287 269 254 233 223 217 206 371 356 306 326 378 429 567 415 348 351 334 306 345 411 436 338 344 399 403 331 339 358 309 275 267 258 251 235 194 216 247 182 160 162 172 177 172
490 523 597 650 687 693 668 705 762 782 779 693 602 690 680 604 525 471 489 521 522 532 534 497 474 485 535 542 427 353 309 315 309 317 342 306 273 274 278 281 273 336 311 293 308 293 274 274 263 255 247 244 239 227 223 290 405 390 463 495 423 409 324 303 308 289 322 432 380 319 318 318 333 315 347 330 400 326 293 262 247 246 276 217 195 177 163 168 216 201 186 167
492 547 554 575 601 611 676 727 751 746 768 720 636 623 631 570 516 554 556 525 513 510 506 481 464 480 582 509 430 379 342 367 347 368 350 405 334 295 334 328 271 322 322 302 314 308 300 311 291 277 265 266 252 228 236 254 286 360 359 325 306 308 296 283 283 302 346 406 336 303 301 294 301 312 315 437 599 471 358 286 255 400 274 226 183 184 194 199 260 214 188 174
495 555 598 622 659 691 713 710 690 732 760 715 644 653 626 608 600 576 539 558 539 503 498 524 490 473 501 436 351 349 419 415 350 410 341 320 309 323 348 275 287 289 302 321 353 388 316 331 318 297 283 259 239 238 238 247 258 275 298 278 295 284 276 269 278 319 313 330 306 303 284 282 349 277 300 345 490 509 387 285 237 306 209 198 184 199 202 218 246 253 272 198
514 551 538 614 651 669 663 657 670 736 740 686 651 644 624 617 603 578 565 600 555 538 570 523 517 464 417 370 342 368 422 510 462 348 415 447 389 386 355 281 312 286 309 414 493 374 354 352 333 306 274 264 246 255 256 252 251 261 282 290 294 275 265 268 290 294 281 268 263 271 261 315 321 289 257 296 331 313 253 235 214 211 188 196 195 218 227 363 370 245 196 209
487 532 576 567 594 629 619 615 674 686 679 606 617 638 656 653 638 604 627 654 637 613 587 593 551 475 393 374 358 368 476 436 359 389 388 375 426 524 383 287 313 302 354 400 435 366 337 298 290 297 290 262 253 253 265 285 278 264 287 294 301 290 274 258 253 248 247 237 232 232 235 234 230 240 262 270 276 249 236 212 200 192 208 210 200 239 287 306 279 217 193 205
496 554 596 623 639 641 590 601 671 680 609 541 563 622 608 589 592 612 637 651 637 624 634 584 507 444 375 391 381 405 367 383 492 456 373 402 440 524 347 305 304 341 383 371 364 321 311 314 295 287 270 259 249 263 275 273 292 294 278 294 321 343 286 264 256 244 240 238 232 228 227 225 218 215 249 237 260 214 195 193 198 209 234 215 210 251 316 311 246 209 196 216
456 532 581 606 596 579 540 608 641 598 536 517 496 510 542 525 547 621 651 647 618 560 513 457 424 419 451 458 407 335 397 455 496 450 492 435 490 575 413 312 336 334 379 365 353 338 429 362 313 281 274 261 255 262 283 282 295 316 296 304 315 308 313 321 302 269 246 242 236 231 226 224 218 218 220 216 205 198 213 210 200 220 244 231 227 218 238 319 292 245 213 209
447 513 548 554 503 502 539 554 545 496 474 499 496 483 521 513 577 621 629 601 564 525 509 478 476 498 504 400 342 335 473 489 579 635 569 490 525 576 448 327 353 362 411 448 490 484 344 293 302 297 282 281 271 341 380 356 359 382 315 323 315 318 313 298 288 277 273 275 259 273 260 264 252 253 240 222 231 222 226 207 211 229 250 261 230 228 247 282 255 291 225 218
420 483 523 484 448 444 475 488 464 435 471 499 479 468 487 493 582 641 602 604 602 546 503 518 529 482 395 375 386 357 459 499 655 617 502 481 542 554 345 340 376 382 453 505 555 427 355 357 335 302 311 314 280 287 302 306 346 411 347 340 321 318 305 306 300 295 289 275 299 361 390 335 358 306 249 263 268 243 227 211 221 231 251 249 243 233 249 279 253 254 234 238
456 450 429 415 400 418 405 425 408 408 445 440 454 451 469 493 579 626 629 604 563 552 573 540 498 425 397 396 364 388 443 563 666 642 504 496 522 411 343 366 399 412 505 585 541 480 403 365 339 322 324 295 277 280 292 306 339 364 357 341 341 343 327 321 317 292 284 290 296 297 283 272 263 255 250 251 249 231 215 225 241 252 258 270 274 259 265 292 296 269 244 268
337 323 344 333 326 330 332 367 365 381 395 425 433 457 481 536 563 605 591 557 579 593 588 534 517 479 443 434 432 416 505 627 701 619 611 561 450 367 357 398 465 477 538 526 481 448 391 415 472 378 352 316 296 293 321 334 333 375 370 385 373 388 347 372 401 355 374 383 353 408 364 292 283 279 263 243 229 224 233 251 269 289 283 323 377 318 322 334 311 285 261 269
