exemple_data/Melocactus_MOP/T_Layers/Set1/Layers_1/altitude.asc
ncols         264
nrows         360
xllcorner     -45
yllcorner     -17
cellsize      0.041666666666667
NODATA_value  -9999
[rows 160 to 199 of 360, columns 92 to 183 of 264]
528 513 492 480 481 479 483 498 510 462 467 460 435 432 433 467 486 490 473 507 484 439 439 431 425 437 411 380 381 377 376 381 373 375 357 351 364 360 359 366 380 383 371 356 351 328 315 314 314 317 320 322 322 337 328 334 326 338 340 329 315 324 350 358 368 383 372 375 385 394 391 423 455 522 591 622 585 587 605 597 567 489 433 402 385 415 459 499 531 564 676 831
515 516 497 488 467 458 470 476 506 464 436 448 430 421 452 450 468 476 458 482 472 466 481 442 449 428 409 400 396 389 375 383 361 360 362 347 392 384 380 388 394 387 366 366 346 332 327 327 316 315 311 309 315 326 320 317 316 341 341 322 313 336 343 338 357 357 349 351 372 357 383 435 521 573 593 574 548 553 622 634 591 464 423 401 379 396 430 459 558 630 701 804
494 529 517 499 475 454 446 450 470 448 433 425 428 419 442 439 469 457 437 447 445 455 444 434 438 428 415 412 410 400 379 370 378 365 364 349 365 384 390 408 429 398 386 368 353 343 335 327 327 331 328 321 308 312 306 303 303 312 321 320 309 327 314 326 334 334 321 331 344 359 377 410 453 553 586 535 521 542 608 498 441 412 395 378 409 474 572 533 583 685 744 770
486 501 496 504 485 474 465 441 432 432 438 438 419 411 430 430 444 458 431 422 429 421 441 417 444 476 408 403 376 383 354 356 356 354 364 364 394 385 402 415 458 399 374 361 356 341 331 332 340 339 328 318 309 305 312 319 321 304 305 309 308 315 302 303 305 307 310 342 376 413 442 440 470 507 544 492 453 543 507 443 397 377 376 401 445 458 472 505 584 710 754 686
472 473 477 498 477 487 477 454 439 427 429 424 415 404 411 435 426 429 439 409 403 404 426 411 508 476 440 402 379 361 358 376 374 379 399 382 420 427 412 432 431 392 389 370 361 341 335 348 343 326 321 319 325 323 326 334 324 324 313 303 307 302 308 309 302 327 360 400 457 467 471 499 521 511 514 492 439 441 428 402 375 369 386 407 438 469 534 576 640 668 661 672
450 456 465 467 457 456 482 474 445 443 424 419 413 405 405 419 417 408 430 425 405 388 406 411 454 466 438 415 379 366 354 371 402 388 404 402 468 496 451 450 431 407 381 357 343 344 345 354 340 326 336 336 345 366 371 373 357 359 346 303 318 303 316 314 308 340 335 395 476 455 435 471 449 438 430 486 441 404 386 372 382 449 448 485 629 580 522 568 648 643 578 543
445 441 450 442 437 460 482 487 464 445 429 415 406 404 395 411 425 402 406 407 387 383 397 406 403 431 415 392 386 373 355 369 460 405 420 395 431 446 485 506 429 391 371 358 348 348 358 361 345 332 340 346 368 394 436 449 406 435 349 308 330 304 335 304 319 356 361 413 355 349 364 356 364 378 426 472 431 421 446 485 432 590 596 482 533 555 533 602 585 540 497 449
440 433 430 427 437 446 464 481 459 435 423 430 428 408 391 399 406 387 382 384 377 374 384 391 390 429 397 387 370 361 356 373 418 420 442 421 403 416 442 433 404 404 382 369 362 349 361 354 348 338 343 357 376 408 482 463 449 475 416 314 313 348 355 321 331 381 348 311 303 311 316 329 364 420 469 487 557 609 570 422 397 415 453 455 502 563 530 506 466 468 427 424
449 441 426 419 426 443 459 469 457 440 442 449 421 414 404 386 385 382 386 382 375 375 364 380 378 381 374 367 362 353 363 373 394 401 427 440 417 431 443 433 431 406 399 382 367 352 368 367 356 339 351 366 386 409 447 480 463 462 422 350 414 446 407 343 304 316 309 325 306 304 334 369 444 569 592 555 594 440 374 355 385 402 436 514 505 474 433 421 437 402 392 414
442 437 432 417 419 433 434 454 470 460 465 454 439 427 399 406 396 393 410 396 377 361 366 361 369 362 357 357 356 366 371 376 395 405 430 455 455 458 466 453 439 413 402 381 362 368 379 363 352 344 355 371 400 439 427 473 470 446 441 409 481 454 403 390 377 320 316 318 305 346 414 537 687 653 430 397 368 342 348 365 395 431 467 450 391 383 390 446 415 381 384 428
435 426 421 420 408 412 429 456 471 508 486 449 434 416 408 415 406 403 404 389 373 363 384 366 359 367 373 374 362 365 375 384 390 407 426 456 501 477 438 433 418 405 389 377 373 386 383 368 358 351 354 372 395 460 469 473 485 458 436 416 492 492 413 408 406 397 323 332 312 342 483 609 580 454 365 348 334 338 375 395 459 557 604 489 386 349 402 452 389 360 378 400
428 421 412 406 399 416 428 437 459 483 462 467 449 426 426 424 419 424 389 388 368 363 381 384 383 385 377 381 367 372 369 389 403 416 421 447 455 438 422 415 409 393 381 369 383 391 393 377 362 363 359 377 398 414 438 471 490 466 449 441 500 518 475 446 414 351 344 367 288 409 421 459 413 333 323 315 320 341 372 423 526 626 601 504 416 333 368 370 348 337 350 390
447 431 416 406 396 407 414 425 458 465 433 458 441 460 424 408 403 469 420 384 374 365 391 406 403 395 389 385 374 391 377 382 389 408 430 465 457 455 454 443 438 417 394 382 407 409 386 376 387 375 364 374 388 403 432 457 480 512 446 456 495 531 505 454 403 387 437 429 268 273 304 319 318 307 328 347 401 385 400 436 439 475 441 375 318 305 314 331 311 309 345 365
442 433 413 401 393 402 411 424 459 451 430 472 445 446 438 413 400 398 410 388 364 368 388 402 415 397 406 401 382 396 396 378 395 412 455 524 481 510 512 478 449 422 396 385 410 415 396 402 391 382 385 415 406 403 422 449 498 523 480 470 471 510 513 488 394 403 325 304 271 262 293 303 286 338 402 472 581 602 523 385 382 436 354 317 289 279 282 291 286 309 333 387
415 422 408 399 390 400 401 414 433 415 421 445 421 416 417 410 394 386 378 374 362 370 383 400 415 403 411 409 388 397 389 381 398 419 463 610 509 523 494 475 453 432 402 393 415 416 425 418 403 384 376 415 448 422 428 454 489 517 500 467 438 467 490 496 377 361 316 333 281 257 278 285 285 313 337 353 436 554 453 326 363 365 306 291 285 263 261 280 303 335 366 376
399 401 401 395 395 409 393 398 413 411 423 429 416 399 397 392 392 381 377 374 365 382 384 394 428 423 432 402 399 414 386 388 401 424 449 498 564 513 503 516 443 418 404 392 411 439 450 422 396 414 390 384 411 448 465 466 481 505 502 424 399 418 447 446 371 363 317 376 327 265 257 278 303 313 315 292 294 339 309 297 299 299 284 271 277 254 276 307 361 409 428 366
393 389 391 386 386 385 385 400 404 399 405 406 399 392 387 384 383 369 365 366 365 377 387 406 442 466 432 411 410 405 386 393 408 422 451 596 690 537 475 463 482 415 403 421 414 438 441 408 404 426 400 384 398 419 452 467 498 499 481 435 400 401 399 367 349 406 376 369 333 272 252 259 285 281 284 277 259 285 286 293 274 297 282 259 257 253 284 331 365 345 364 370
397 386 385 387 387 385 385 385 391 387 391 401 394 379 382 373 374 371 374 373 370 376 390 415 480 476 449 426 421 402 395 396 405 425 450 477 550 491 459 446 447 418 409 439 453 436 424 412 422 434 414 402 392 404 418 444 477 494 478 449 427 463 426 384 437 424 372 325 310 272 250 234 265 250 256 256 256 270 249 251 271 302 281 262 247 276 304 356 331 290 308 345
387 389 387 385 387 394 394 391 373 376 373 377 388 386 370 370 370 374 387 390 377 376 386 400 477 503 475 437 420 414 402 397 413 418 430 449 472 477 449 433 426 421 419 444 473 467 438 425 444 466 441 423 402 403 424 446 482 528 479 446 473 455 466 487 525 422 336 315 283 262 252 226 222 217 218 232 247 259 233 249 305 296 285 238 239 271 287 393 306 264 302 349
386 414 402 395 396 406 435 407 381 376 377 371 370 371 372 378 382 390 386 397 395 382 379 391 431 490 457 455 434 416 406 401 408 421 434 454 476 464 452 441 427 428 446 458 494 510 464 454 470 490 465 441 415 409 424 442 474 550 514 501 501 498 516 536 542 436 351 335 299 276 260 247 245 247 210 186 241 239 232 278 279 262 237 213 215 233 274 262 243 269 309 352
406 507 438 432 454 423 473 404 393 384 385 382 378 385 392 395 394 396 391 403 403 390 397 386 417 445 434 454 449 431 413 406 421 430 446 477 486 477 468 446 430 449 482 503 498 496 470 499 488 504 467 438 423 420 430 438 466 550 545 529 526 511 540 561 545 412 360 360 328 292 281 263 263 247 233 202 197 191 180 237 260 239 251 195 203 225 252 222 267 255 293 331
511 476 440 491 498 448 490 407 394 392 392 400 383 396 422 424 438 412 398 408 402 404 422 386 405 412 424 459 485 468 409 411 424 490 456 485 512 488 465 452 437 458 494 549 531 494 486 511 533 496 461 445 437 444 451 460 489 556 554 549 557 552 541 582 546 446 370 372 348 344 294 291 267 248 233 243 248 206 184 174 213 236 212 210 189 189 212 213 242 258 245 239
476 493 495 486 565 555 465 406 401 401 405 403 391 409 422 443 425 416 412 409 410 429 420 396 401 407 425 455 508 437 410 422 426 465 462 490 511 496 473 453 447 456 486 559 559 519 518 516 517 487 478 458 462 475 476 490 542 594 560 567 586 577 555 591 567 470 404 388 401 377 328 301 282 266 260 259 255 228 195 158 152 190 159 183 167 194 205 182 196 196 213 207
408 550 584 625 562 543 427 407 416 411 433 415 399 414 437 435 430 426 421 414 418 427 428 403 415 423 430 438 445 430 412 419 439 453 465 486 507 492 472 457 465 478 486 507 513 536 541 546 545 516 488 491 472 483 471 499 577 598 585 584 602 598 579 583 584 472 425 379 356 346 334 307 289 308 290 235 222 210 210 173 136 122 140 121 167 184 196 143 184 251 299 199
407 473 455 543 496 458 424 413 437 427 435 434 419 417 441 441 438 432 424 423 427 432 419 405 417 439 446 447 458 430 418 429 436 454 470 485 523 502 477 478 475 465 471 503 482 479 506 500 532 500 457 457 441 444 450 510 598 630 613 609 623 625 606 597 607 557 488 421 367 352 327 313 307 284 245 244 252 246 221 219 198 196 206 172 83 146 180 147 113 141 165 157
422 427 461 531 512 437 434 423 452 455 531 516 467 438 443 450 446 437 432 435 439 441 426 413 429 445 456 467 450 435 423 436 451 456 472 494 583 514 492 484 465 446 448 475 500 466 450 472 510 513 463 415 402 422 397 452 552 628 636 611 633 654 641 622 625 638 568 473 397 398 350 324 325 302 256 264 273 265 271 257 239 218 174 129 110 63 82 87 78 72 130 134
451 457 503 586 504 450 447 443 471 489 741 702 559 447 459 462 457 449 449 449 453 449 433 421 416 431 448 464 459 447 431 440 447 464 481 503 541 519 483 467 462 450 433 432 443 463 433 438 486 475 474 414 383 413 411 401 486 619 658 636 681 675 681 660 657 627 573 488 420 377 349 341 431 349 279 278 293 297 327 306 253 221 191 175 171 138 101 106 107 77 55 54
544 512 639 706 489 472 468 483 538 649 742 683 488 469 488 481 482 473 472 465 468 460 445 443 425 425 439 451 461 451 440 457 478 478 481 503 526 518 483 461 440 435 428 418 412 412 419 418 433 483 463 423 365 377 387 379 524 630 636 653 716 683 700 696 614 581 544 471 467 379 362 377 365 398 294 289 300 301 289 273 255 231 207 190 195 166 158 188 183 170 94 37
615 622 683 546 524 535 500 595 767 694 641 654 506 512 513 510 522 537 504 490 480 464 456 449 432 438 440 457 474 461 463 465 477 498 488 507 503 486 467 451 442 444 443 427 436 420 395 391 400 404 404 380 359 334 351 362 455 500 514 627 643 647 634 657 598 545 518 540 471 389 382 372 450 347 318 320 321 293 271 255 241 228 218 207 210 210 202 240 231 195 119 60
713 782 802 713 823 777 672 703 685 577 546 538 487 516 536 560 629 663 549 514 495 480 470 456 448 438 433 454 459 470 472 474 502 491 507 498 487 481 475 468 458 465 443 446 428 421 417 403 374 373 375 386 366 410 389 357 345 345 411 465 548 543 589 600 628 621 558 550 448 391 401 393 361 333 369 350 358 324 288 272 257 232 232 224 234 268 249 265 214 162 124 97
850 924 867 830 767 677 636 594 546 526 513 505 510 544 570 609 667 709 597 534 534 521 482 481 460 452 438 440 449 454 466 483 599 529 506 509 503 510 492 486 482 467 457 443 435 444 418 404 398 391 443 435 418 485 425 381 394 405 354 343 418 470 559 575 630 580 574 472 408 383 383 368 354 344 342 346 369 323 381 306 276 261 254 246 262 314 270 225 196 164 181 190
808 793 745 702 673 719 824 755 604 544 527 509 543 571 592 674 709 728 649 555 535 505 510 502 472 459 450 448 467 472 464 483 593 513 503 508 509 510 527 509 513 497 471 448 456 442 417 409 432 427 436 503 527 451 387 424 541 587 491 389 336 360 462 475 536 542 544 462 366 349 380 360 340 331 313 330 344 398 528 472 324 287 278 281 269 257 260 240 231 229 188 166
818 803 783 846 784 893 711 595 543 525 513 512 547 573 641 716 734 757 649 577 539 516 529 543 485 469 455 449 462 470 479 489 554 502 479 481 510 523 558 596 554 496 476 471 456 443 425 420 481 463 433 466 470 411 407 458 531 554 495 495 409 365 330 330 376 488 509 360 323 313 315 323 317 313 304 323 344 366 361 376 327 290 275 256 243 225 257 243 250 223 158 134
920 951 864 811 911 729 646 577 537 521 508 518 549 574 663 724 764 802 732 593 567 534 548 591 510 475 464 462 466 486 486 501 530 489 464 458 514 504 567 663 529 506 521 496 462 441 443 431 472 491 457 455 424 432 462 494 543 602 608 560 465 480 434 402 312 345 375 296 301 282 308 309 287 287 290 312 327 311 315 315 316 309 289 260 236 216 218 205 196 156 155 168
993 946 830 775 832 692 681 580 520 521 512 528 556 593 686 741 790 832 820 854 691 610 567 602 539 489 475 472 470 485 500 497 565 493 453 446 474 491 559 550 548 556 515 506 467 445 464 444 477 534 473 443 457 453 500 518 552 643 733 630 512 552 552 522 406 330 312 291 277 294 288 287 294 269 280 304 300 285 281 289 310 315 281 256 232 213 193 178 170 170 208 170
1062 1029 864 726 737 636 633 562 528 527 521 543 565 617 713 748 795 858 918 890 766 659 622 619 595 502 493 478 481 488 517 558 503 457 443 436 460 467 515 580 592 630 538 543 496 463 499 458 474 513 484 458 465 477 501 526 573 676 749 713 638 615 560 473 469 501 399 430 364 268 259 253 281 260 272 304 296 271 259 271 303 300 285 264 253 235 212 206 201 213 235 196
1138 1040 833 658 616 605 569 537 536 523 531 548 569 613 689 742 784 827 839 733 842 843 732 698 623 521 501 490 481 463 518 531 475 436 433 424 434 454 469 620 706 618 521 576 532 477 529 478 514 502 485 465 479 495 514 536 590 716 729 649 615 532 539 588 603 519 470 484 410 292 263 246 243 253 249 276 268 266 253 276 296 287 279 278 286 275 250 251 242 247 257 228
1026 986 862 705 702 691 560 541 536 518 538 553 573 617 691 745 787 828 807 772 821 949 851 667 610 527 492 471 451 452 483 501 439 436 414 415 417 434 448 551 642 676 510 587 586 512 560 503 543 494 481 476 488 506 530 563 605 707 721 705 606 586 633 560 562 515 470 433 374 324 276 263 242 240 236 268 249 240 244 282 307 302 291 280 262 258 255 270 262 268 243 217
991 893 798 711 745 611 544 535 530 518 537 553 575 621 713 756 809 867 777 755 769 821 913 658 566 522 481 457 434 444 473 489 416 419 396 398 415 434 459 500 524 610 498 530 593 543 533 504 535 490 484 489 501 536 582 590 639 709 663 654 575 652 633 563 508 451 403 374 348 320 295 296 275 260 217 250 246 219 238 263 296 330 328 304 276 267 238 226 215 210 189 188
938 846 652 699 720 556 539 530 526 520 537 553 573 623 727 772 804 875 778 757 738 750 884 683 547 524 478 468 425 440 478 493 424 395 376 396 413 430 439 462 505 581 458 461 554 595 495 487 506 499 495 507 538 589 597 597 686 674 667 651 571 650 618 550 492 442 410 370 326 306 335 348 277 236 225 241 250 214 214 247 291 344 377 330 293 262 238 222 200 193 174 169
