exemple_data/Melocactus_MOP/T_Layers/Set1/Layers_1/altitude.asc
ncols         264
nrows         360
xllcorner     -45
yllcorner     -17
cellsize      0.041666666666667
NODATA_value  -9999
[rows 40 to 79 of 360, columns 92 to 183 of 264]
722 706 615 712 777 409 166 137 198 198 117 99 112 128 238 649 632 322 106 71 65 83 87 104 120 136 117 105 125 126 113 153 298 512 392 423 550 347 391 533 186 96 78 66 63 45 49 67 71 71 59 38 34 39 40 28 25 125 35 18 17 9 21 -9999 -9999 -9999 -9999 -9999 -9999 -9999 -9999 -9999 -9999 -9999 -9999 -9999 -9999 -9999 -9999 -9999 -9999 -9999 -9999 -9999 -9999 -9999 -9999 -9999 -9999 -9999 -9999 -9999
676 712 703 761 803 817 332 162 130 122 148 127 116 137 151 294 190 115 82 77 80 80 106 110 179 245 126 115 149 138 128 144 175 207 207 230 264 330 263 373 254 122 113 70 58 45 69 68 72 77 52 43 48 43 49 54 81 110 37 28 17 16 23 27 29 18 -9999 -9999 -9999 -9999 -9999 -9999 -9999 -9999 -9999 -9999 -9999 -9999 -9999 -9999 -9999 -9999 -9999 -9999 -9999 -9999 -9999 -9999 -9999 -9999 -9999 -9999
670 724 744 804 827 870 649 175 129 134 168 148 139 141 124 112 102 83 77 99 106 89 114 134 144 146 127 147 338 183 165 158 162 168 181 184 212 272 284 228 137 109 83 81 68 61 83 87 84 73 57 56 49 55 57 63 115 304 42 22 22 23 29 18 18 16 -9999 -9999 -9999 -9999 -9999 -9999 -9999 -9999 -9999 -9999 -9999 -9999 -9999 -9999 -9999 -9999 -9999 -9999 -9999 -9999 -9999 -9999 -9999 -9999 -9999 -9999
742 742 763 806 847 870 538 188 157 150 276 221 179 146 127 115 100 96 80 116 105 98 106 133 153 151 138 134 203 249 190 189 227 201 173 155 152 159 167 150 118 120 96 90 60 56 56 73 96 77 68 67 56 71 87 107 89 90 32 59 45 32 33 21 24 14 15 -9999 -9999 -9999 -9999 -9999 -9999 -9999 -9999 -9999 -9999 -9999 -9999 -9999 -9999 -9999 -9999 -9999 -9999 -9999 -9999 -9999 -9999 -9999 -9999 -9999
742 737 741 780 827 855 724 233 167 199 233 191 153 128 121 120 114 106 86 112 122 110 121 137 160 152 147 148 160 163 173 186 194 193 170 163 178 210 192 163 262 233 107 72 74 73 63 71 83 92 84 74 70 111 121 129 50 44 119 206 57 43 32 30 23 20 26 6 -9999 -9999 -9999 -9999 -9999 -9999 -9999 -9999 -9999 -9999 -9999 -9999 -9999 -9999 -9999 -9999 -9999 -9999 -9999 -9999 -9999 -9999 -9999 -9999
672 757 780 796 832 861 857 408 197 179 174 169 133 123 130 129 132 117 89 105 130 130 140 146 175 150 167 156 163 181 169 178 203 220 185 185 187 213 189 166 147 121 105 80 89 100 77 79 88 85 97 84 78 125 87 57 58 79 483 151 56 46 39 41 29 31 20 27 -9999 -9999 -9999 -9999 -9999 -9999 -9999 -9999 -9999 -9999 -9999 -9999 -9999 -9999 -9999 -9999 -9999 -9999 -9999 -9999 -9999 -9999 -9999 -9999
712 718 706 779 853 877 897 805 245 182 165 144 132 147 134 146 146 117 97 105 147 156 156 184 179 154 165 169 169 212 186 197 223 255 215 199 207 172 148 164 133 103 90 82 114 122 81 77 101 91 102 110 131 91 74 74 80 188 239 111 126 99 52 50 38 26 21 29 28 31 -9999 -9999 -9999 -9999 -9999 -9999 -9999 -9999 -9999 -9999 -9999 -9999 -9999 -9999 -9999 -9999 -9999 -9999 -9999 -9999 -9999 -9999
456 557 689 752 804 853 899 908 296 174 150 145 190 166 144 157 145 103 108 108 118 137 155 179 177 167 164 176 177 206 192 209 264 400 228 234 200 157 136 144 140 99 107 98 98 112 99 83 103 104 102 117 138 100 102 112 128 148 150 149 513 83 65 57 32 30 29 32 31 31 12 -9999 -9999 -9999 -9999 -9999 -9999 -9999 -9999 -9999 -9999 -9999 -9999 -9999 -9999 -9999 -9999 -9999 -9999 -9999 -9999 -9999
428 620 674 762 815 880 905 909 298 178 158 226 239 165 168 149 121 106 133 118 120 127 142 178 307 191 180 185 195 223 230 218 284 425 296 299 229 181 164 160 156 112 133 123 114 128 112 88 105 110 118 128 149 123 137 137 142 131 141 372 294 74 77 42 51 41 42 36 29 28 20 9 -9999 -9999 -9999 -9999 -9999 -9999 -9999 -9999 -9999 -9999 -9999 -9999 -9999 -9999 -9999 -9999 -9999 -9999 -9999 -9999
458 625 671 760 801 849 885 847 279 217 227 378 271 179 160 135 133 113 128 146 138 136 145 166 189 186 195 226 242 251 235 297 263 396 350 388 350 216 174 152 184 129 148 158 139 132 99 93 119 124 130 151 210 330 203 235 148 111 145 180 103 62 55 57 57 54 49 43 35 28 27 15 -9999 -9999 -9999 -9999 -9999 -9999 -9999 -9999 -9999 -9999 -9999 -9999 -9999 -9999 -9999 -9999 -9999 -9999 -9999 -9999
363 575 734 811 843 873 896 843 538 421 529 377 229 188 146 151 164 119 129 153 154 153 153 164 177 173 194 282 483 264 239 270 278 335 390 325 278 193 181 148 131 126 152 169 157 124 106 108 116 134 137 154 198 557 402 284 189 116 96 88 77 77 53 68 70 63 49 43 36 31 21 22 13 -9999 -9999 -9999 -9999 -9999 -9999 -9999 -9999 -9999 -9999 -9999 -9999 -9999 -9999 -9999 -9999 -9999 -9999 -9999
365 588 757 830 829 814 857 901 923 931 925 575 250 172 159 183 163 126 141 151 166 180 178 169 213 188 183 207 229 316 391 278 319 463 315 220 194 183 158 151 160 154 174 151 125 111 121 131 123 153 153 198 270 547 455 476 384 306 154 91 81 61 70 73 70 67 57 60 45 57 36 29 17 26 -9999 -9999 -9999 -9999 -9999 -9999 -9999 -9999 -9999 -9999 -9999 -9999 -9999 -9999 -9999 -9999 -9999 -9999
338 561 706 807 765 770 855 882 906 895 906 474 214 182 187 192 163 134 166 160 164 177 196 175 187 190 199 222 240 303 256 277 364 486 394 250 235 190 160 190 171 172 184 147 137 123 126 137 139 157 177 282 461 738 572 401 307 315 300 106 79 86 85 82 77 60 63 65 55 43 26 18 21 27 30 -9999 -9999 -9999 -9999 -9999 -9999 -9999 -9999 -9999 -9999 -9999 -9999 -9999 -9999 -9999 -9999 -9999
404 599 703 762 705 746 806 823 824 880 815 335 218 191 175 173 154 150 166 184 171 184 200 185 190 211 199 239 287 240 254 273 302 337 375 298 210 200 171 242 194 197 182 157 166 129 137 152 154 219 314 443 839 828 721 558 481 374 135 100 163 112 101 81 72 53 39 44 39 42 37 34 30 26 25 34 -9999 -9999 -9999 -9999 -9999 -9999 -9999 -9999 -9999 -9999 -9999 -9999 -9999 -9999 -9999 -9999
451 643 688 750 666 703 744 749 787 893 746 305 220 190 173 164 161 157 188 200 181 197 211 190 197 226 211 228 230 248 263 281 314 388 399 281 208 221 188 228 255 213 186 188 157 142 154 181 171 206 241 472 791 831 501 255 267 345 173 217 198 115 93 81 60 47 66 69 68 51 43 37 36 32 32 27 25 -9999 -9999 -9999 -9999 -9999 -9999 -9999 -9999 -9999 -9999 -9999 -9999 -9999 -9999 -9999
562 659 681 699 667 653 701 755 805 901 553 240 211 198 172 165 156 164 178 200 186 197 219 199 209 222 229 225 248 253 266 289 317 423 455 339 276 323 230 257 264 193 182 181 158 158 169 178 192 206 318 705 771 763 417 213 163 317 191 139 114 100 84 60 63 76 72 62 84 57 46 42 43 39 33 27 27 16 -9999 -9999 -9999 -9999 -9999 -9999 -9999 -9999 -9999 -9999 -9999 -9999 -9999 -9999
594 646 651 638 612 629 747 721 831 820 320 222 205 182 176 170 168 182 182 195 199 212 225 217 211 229 239 228 241 258 291 349 369 357 569 607 595 514 326 244 262 212 205 199 166 163 191 189 207 234 465 739 574 406 259 144 141 151 123 115 90 86 78 64 88 77 68 62 57 49 36 34 34 28 26 21 18 12 10 8 -9999 -9999 -9999 -9999 -9999 -9999 -9999 -9999 -9999 -9999 -9999 -9999
615 622 571 566 583 601 637 722 831 641 266 219 192 190 182 193 185 183 195 203 207 219 229 253 228 243 248 240 249 266 275 300 334 530 691 630 524 391 371 315 301 256 235 198 173 172 285 211 227 382 702 791 572 381 200 158 129 115 106 93 78 77 69 87 98 77 67 66 60 46 56 51 48 38 26 23 14 10 11 10 14 15 -9999 -9999 -9999 -9999 -9999 -9999 -9999 -9999 -9999 -9999
621 584 495 510 563 610 602 738 827 557 239 210 201 202 189 206 198 193 209 223 225 219 223 258 259 294 267 256 261 293 305 353 314 354 542 488 546 438 538 525 466 310 222 205 192 190 271 295 291 307 521 458 256 223 180 143 117 94 89 84 94 90 95 99 85 77 72 57 47 59 66 59 54 40 30 24 13 22 27 29 26 13 -9999 -9999 -9999 -9999 -9999 -9999 -9999 -9999 -9999 -9999
571 509 432 464 576 566 607 735 814 414 237 224 219 207 206 224 207 206 231 242 235 250 240 241 328 333 269 281 269 282 323 339 354 400 548 627 722 710 682 597 577 354 238 218 218 212 219 272 271 252 278 352 380 272 175 151 142 104 100 94 107 115 116 94 83 69 63 52 59 60 67 81 69 42 37 32 23 24 29 36 31 14 10 -9999 -9999 -9999 -9999 -9999 -9999 -9999 -9999 -9999
545 412 416 486 577 544 625 732 828 372 256 246 231 217 222 239 218 221 273 268 264 277 263 242 251 282 290 289 292 305 356 503 472 674 695 676 724 812 631 482 583 350 298 269 274 248 229 235 215 217 223 211 244 255 180 144 129 109 96 112 125 122 112 93 85 74 60 60 66 65 79 122 79 50 48 45 26 37 32 38 29 7 12 32 -9999 -9999 -9999 -9999 -9999 -9999 -9999 -9999
402 372 453 493 525 622 649 746 709 314 261 270 236 222 241 255 242 230 264 339 397 333 326 255 275 299 303 322 310 313 353 414 425 531 689 718 601 657 482 456 509 390 368 279 326 262 226 209 218 205 192 182 169 161 147 133 120 108 129 134 130 137 126 94 94 78 69 64 72 69 92 125 74 60 53 41 30 43 41 38 30 7 10 21 22 -9999 -9999 -9999 -9999 -9999 -9999 -9999
371 348 408 480 572 695 761 753 745 335 307 312 269 238 223 233 251 249 275 297 364 421 422 262 270 331 423 446 413 326 349 377 433 553 523 528 449 444 465 429 446 416 304 254 238 222 225 210 185 189 180 185 181 149 136 126 127 138 142 135 110 114 105 97 88 75 66 75 79 80 110 83 68 49 47 36 43 48 44 53 24 8 18 24 28 30 -9999 -9999 -9999 -9999 -9999 -9999
365 361 459 547 654 738 790 801 614 374 377 346 298 257 232 233 249 264 292 371 378 341 285 291 299 462 353 425 542 581 355 432 585 602 536 446 403 418 464 393 417 413 310 334 260 220 194 187 174 161 150 146 144 132 133 143 139 154 125 130 108 96 100 84 79 73 78 80 86 109 94 75 74 73 62 49 55 58 50 43 15 11 20 27 33 32 35 46 48 54 -9999 -9999
318 350 438 609 698 778 849 826 435 362 360 378 337 259 247 249 259 278 308 326 348 313 302 316 499 701 549 453 610 645 458 400 451 464 479 448 420 390 400 368 403 383 387 317 236 215 202 190 182 177 171 149 138 140 147 146 134 122 108 107 102 90 90 86 90 91 88 105 97 88 94 84 75 67 63 64 57 46 46 22 12 17 35 33 42 38 47 68 83 67 33 6
301 350 445 567 688 763 831 686 394 351 333 343 346 278 258 274 258 270 282 299 349 369 349 410 663 713 691 676 666 707 542 443 433 434 474 473 409 364 366 350 361 356 394 396 437 378 332 215 215 224 216 170 147 162 147 130 123 112 109 107 106 116 109 95 105 109 121 108 84 75 82 70 58 55 46 53 38 20 23 27 11 23 38 42 43 43 52 78 91 69 44 26
288 329 406 514 618 697 804 527 361 332 319 331 390 316 296 294 275 280 295 321 361 450 539 665 837 839 706 705 718 717 567 460 408 424 489 405 371 354 339 337 341 357 370 433 472 394 316 334 286 265 191 164 175 183 153 137 123 122 137 123 129 124 101 107 124 147 123 96 81 66 66 63 44 36 29 33 27 36 47 34 11 24 36 40 40 46 50 80 66 50 32 22
286 327 429 550 620 715 776 451 339 326 310 322 332 345 330 330 326 302 298 319 357 487 578 791 901 818 700 663 673 705 612 454 391 429 445 377 364 331 323 345 338 335 338 374 326 278 258 270 263 220 201 204 207 192 163 160 144 243 201 141 137 115 119 136 177 135 104 88 79 68 56 49 44 36 33 40 51 46 43 19 13 11 16 20 30 35 44 59 52 36 23 31
320 334 450 519 594 689 798 417 331 310 302 309 329 342 326 327 332 337 344 342 342 383 575 791 879 608 656 555 596 622 535 507 406 367 350 347 397 314 316 328 307 309 316 302 326 328 273 234 254 304 231 220 198 194 191 194 180 318 203 150 129 146 168 161 150 112 95 83 80 72 68 51 46 42 53 59 61 53 21 15 14 14 18 32 28 45 37 33 37 28 33 42
280 321 430 547 606 691 784 459 323 303 295 303 326 324 323 313 326 335 345 359 402 381 469 575 485 479 530 459 550 587 470 519 551 455 366 327 332 294 309 321 295 286 293 282 319 350 263 285 519 436 225 200 184 179 176 183 193 202 173 141 165 188 155 132 121 118 102 83 68 60 59 68 58 59 62 64 59 24 17 16 14 20 37 44 65 55 35 36 32 33 34 45
294 324 418 511 599 685 704 470 309 309 283 304 323 302 303 313 318 329 342 372 380 432 420 488 528 520 469 429 435 469 474 457 464 423 335 321 314 286 304 308 300 281 263 261 302 310 274 375 414 242 217 196 185 179 174 170 173 185 183 188 201 166 159 140 114 98 91 84 76 91 91 73 57 69 73 77 30 20 18 21 21 57 115 91 82 55 42 52 48 47 33 28
333 350 432 502 595 663 464 301 289 293 279 317 323 298 314 312 318 331 344 355 388 416 441 474 560 584 495 468 430 445 412 379 366 324 311 296 290 288 306 298 305 288 266 248 263 271 285 303 245 217 209 195 200 195 188 172 160 177 180 193 197 171 143 131 121 103 100 110 109 99 81 72 76 78 86 51 22 20 22 47 75 116 117 92 75 61 56 72 64 73 51 39
348 306 352 398 402 393 331 270 273 279 275 289 285 294 308 326 322 329 337 352 377 389 406 472 535 534 507 468 465 421 395 353 336 324 296 285 273 296 293 292 289 287 263 248 255 353 358 333 243 244 269 252 203 176 187 175 158 165 175 195 157 141 131 123 117 115 108 112 97 87 82 85 85 83 60 25 23 30 86 124 127 122 107 95 84 73 78 83 86 81 60 52
251 288 388 443 386 368 277 266 272 270 269 280 294 304 303 312 320 334 347 358 365 381 408 460 525 524 512 525 577 509 455 369 342 335 313 280 273 285 269 278 273 276 264 240 284 441 398 269 319 375 317 221 168 161 165 154 151 171 173 171 131 132 123 115 109 99 98 101 97 86 93 84 73 73 34 26 28 94 132 131 129 117 109 104 98 92 122 135 145 106 78 56
318 321 405 498 505 604 417 286 279 279 272 283 304 316 322 322 340 337 369 368 388 390 417 444 520 532 512 517 497 531 465 371 337 313 296 279 268 262 253 249 267 260 235 254 268 426 319 242 248 217 215 183 168 150 146 150 168 157 136 127 109 99 120 100 74 56 62 70 66 54 67 61 50 33 29 39 85 134 135 133 128 123 116 109 106 106 121 138 126 91 63 56
310 408 422 484 553 643 599 318 282 283 290 284 288 300 311 328 332 330 352 375 392 395 423 495 601 552 519 504 473 432 391 336 329 308 293 286 297 275 275 253 252 245 226 242 245 274 248 221 227 209 184 177 157 161 161 150 129 121 108 87 81 76 74 63 68 66 55 56 49 44 39 38 38 32 32 108 139 139 139 135 133 141 129 114 110 112 117 126 117 73 74 32
379 437 525 583 573 657 578 336 293 302 303 298 288 302 301 311 319 326 341 354 384 389 403 443 452 454 503 533 433 445 359 356 405 312 315 310 309 287 272 266 238 232 222 222 221 211 205 210 205 194 185 174 169 185 168 136 124 109 95 92 109 92 116 112 108 103 93 85 65 50 66 68 45 34 56 135 142 141 140 137 140 146 129 118 115 112 109 101 95 68 37 25
467 497 532 583 666 671 425 346 321 312 313 305 299 309 314 322 338 339 342 364 370 367 376 384 400 429 460 451 375 367 396 467 350 343 359 357 324 297 271 267 254 247 226 235 234 210 206 188 189 190 194 194 188 212 172 144 104 114 108 125 127 121 119 105 94 84 74 66 58 71 49 44 36 32 55 138 146 142 139 138 135 131 121 118 114 107 95 86 60 43 23 22
535 535 587 626 618 686 559 365 331 325 318 304 309 300 305 311 317 321 327 343 350 355 371 388 391 405 421 414 397 492 571 425 363 446 423 357 373 312 293 266 275 247 242 257 242 217 207 198 188 176 164 178 192 202 160 112 125 139 127 124 114 107 101 96 90 90 81 73 83 51 50 57 47 38 47 127 147 142 139 138 134 129 123 107 101 93 88 76 53 35 31 30
508 545 607 662 676 672 598 372 346 342 326 310 307 314 303 313 324 317 329 340 343 364 374 372 383 396 476 576 547 646 567 469 413 452 475 493 499 390 284 281 273 262 246 236 225 215 212 202 192 180 174 167 159 163 119 110 151 139 137 141 118 123 134 119 110 94 82 113 93 54 63 77 68 49 76 155 150 144 143 140 136 133 123 98 86 77 69 59 43 29 26 43
