exemple_data/Melocactus_MOP/T_Layers/Set1/Layers_2/bio_12.asc
ncols         264
nrows         360
xllcorner     -45
yllcorner     -17
cellsize      0.041666666666667
NODATA_value  -9999
[rows 312 to 350 of 360, columns 0 to 86 of 264]
1154 1134 1125 1113 1103 1089 1078 1069 1064 1052 1039 1023 1011 1007 992 978 973 956 938 921 903 876 874 862 855 842 826 814 807 802 801 800 795 787 785 786 802 816 793 779 779 780 783 790 800 805 851 864 837 815 804 817 813 840 868 882 890 912 896 882 866 853 840 812 791 777 763 753 746 747 748 742 741 736 716 682 671 675 682 669 664 660 674 682 690 702 713
1158 1143 1126 1108 1096 1088 1079 1068 1061 1053 1039 1030 1018 1012 994 973 961 948 934 915 900 884 876 870 861 847 835 828 822 802 797 802 797 791 790 783 782 790 784 781 791 785 790 796 806 816 847 869 839 817 815 828 838 865 876 894 906 902 897 881 865 851 833 811 798 778 762 750 749 745 742 736 739 729 700 684 688 685 683 687 679 683 690 704 714 729 737
1148 1135 1122 1108 1094 1082 1077 1070 1060 1049 1040 1028 1016 1000 985 970 959 943 930 920 898 893 875 874 871 854 846 840 826 807 800 806 796 785 780 777 778 779 780 780 791 796 794 798 808 818 856 869 843 829 825 836 850 878 888 906 910 900 892 874 857 848 830 807 793 783 766 757 750 735 729 732 727 705 698 700 702 699 698 698 701 710 714 727 733 751 758
1144 1130 1120 1101 1092 1092 1084 1067 1053 1049 1037 1030 1014 996 978 967 957 944 927 918 900 884 875 880 878 868 852 836 821 817 809 809 791 784 779 781 778 779 781 784 794 797 801 803 809 814 851 865 844 825 818 822 851 889 898 910 905 900 884 873 855 846 828 802 794 784 771 757 743 727 721 719 708 707 711 713 708 710 712 716 724 725 732 740 756 769 772
1141 1134 1118 1100 1089 1089 1075 1058 1053 1049 1034 1026 1008 995 979 965 957 940 924 912 898 880 879 875 876 864 849 836 826 816 807 799 797 788 788 784 783 780 787 792 795 795 804 801 806 813 831 870 848 849 814 823 866 913 911 909 906 898 884 868 850 847 833 797 788 786 777 751 731 718 710 710 716 718 711 716 717 721 731 734 742 750 755 769 771 787 794
1144 1128 1119 1105 1085 1074 1067 1056 1051 1041 1030 1016 1004 988 976 963 953 941 922 906 894 884 881 870 870 858 845 835 828 816 807 801 792 786 783 780 783 786 783 782 794 795 798 806 803 809 817 859 836 829 811 855 905 928 917 912 910 899 887 869 845 833 816 797 784 771 770 754 738 721 698 700 711 705 710 718 718 726 741 751 759 766 775 793 802 805 810
1136 1133 1119 1100 1083 1070 1063 1053 1044 1040 1024 1010 998 986 973 964 955 935 923 909 897 890 889 882 868 857 842 839 827 819 813 802 793 785 786 782 788 787 787 789 796 787 792 798 807 806 811 833 821 817 816 844 888 934 921 912 905 893 883 866 847 828 817 803 779 768 756 752 730 720 692 679 689 700 710 720 726 736 749 762 780 789 792 811 823 827 832
1138 1128 1121 1098 1077 1067 1051 1048 1036 1026 1019 1008 997 990 974 961 949 935 922 908 894 886 884 885 880 867 845 839 825 829 815 806 800 785 789 795 783 789 784 791 785 787 791 802 798 803 817 816 813 818 820 824 835 893 915 911 902 888 876 861 846 830 827 807 793 763 755 742 721 705 688 676 689 707 714 729 738 748 767 774 792 817 834 841 843 848 849
1130 1122 1116 1101 1081 1059 1050 1044 1026 1022 1018 1004 995 986 972 960 945 933 921 905 894 883 881 888 876 866 852 845 832 823 817 810 801 787 785 792 781 778 775 784 787 786 790 805 810 816 820 821 826 829 822 826 832 859 903 907 903 893 876 860 843 835 831 812 802 770 759 742 725 708 686 683 698 708 724 737 747 767 785 792 807 831 856 869 883 881 868
1126 1118 1097 1080 1071 1052 1045 1031 1022 1019 1012 995 988 979 967 957 942 934 913 906 899 882 882 872 862 855 854 847 842 831 818 806 799 794 787 787 789 779 779 785 790 792 796 798 812 821 817 824 832 839 835 832 847 875 901 903 904 890 876 865 849 834 832 812 793 771 767 748 727 713 704 706 710 719 736 748 764 781 793 808 828 851 874 894 914 909 872
1129 1135 1112 1076 1055 1046 1038 1025 1021 1017 1009 992 982 970 958 948 934 920 912 908 900 893 889 875 865 861 856 844 840 831 815 805 804 795 788 793 785 780 792 795 790 792 797 803 816 822 829 833 839 846 843 844 850 879 909 908 904 893 879 866 848 838 834 816 797 778 777 754 739 728 724 720 725 742 748 761 777 800 809 823 838 853 882 916 950 920 913
1130 1122 1096 1077 1060 1037 1026 1021 1016 1015 999 988 969 958 948 945 925 919 913 902 902 896 886 874 867 863 847 840 845 836 829 816 808 801 793 795 785 781 787 797 798 802 804 811 824 832 836 841 848 849 854 856 865 898 918 916 905 898 883 869 857 847 840 821 803 785 783 762 752 745 741 741 739 747 756 776 793 806 821 837 864 889 908 928 958 941 923
1109 1100 1089 1077 1054 1035 1020 1018 1012 998 987 971 959 947 933 922 912 913 910 906 899 893 884 875 871 864 851 842 842 833 823 821 812 804 795 793 792 784 789 798 806 812 818 827 830 837 843 852 856 862 865 868 876 910 921 919 914 903 890 879 868 855 847 830 812 799 791 778 771 760 754 755 753 757 763 783 793 808 828 847 869 894 917 940 947 945 923
1090 1080 1072 1058 1042 1029 1015 1007 1001 987 976 963 953 939 922 921 917 916 911 906 901 903 889 881 871 863 852 850 842 836 829 819 818 808 807 797 802 800 801 802 806 815 821 834 836 848 859 861 862 867 877 879 891 923 929 924 924 915 902 885 873 862 851 837 822 808 796 790 784 777 766 766 768 769 777 790 803 817 837 850 859 887 911 925 928 919 909
1080 1076 1062 1052 1045 1033 1017 1005 993 983 971 962 945 932 927 929 922 918 915 912 913 910 894 889 878 870 869 863 848 840 835 826 827 817 813 809 802 800 803 813 815 820 831 843 852 864 866 869 875 878 883 890 906 936 944 935 926 915 909 893 883 872 855 848 833 817 805 798 792 789 778 781 786 785 791 803 814 827 847 849 856 864 867 877 882 900 885
1074 1060 1062 1061 1048 1038 1024 1004 995 986 973 956 939 937 928 925 922 919 920 919 920 920 904 892 887 885 873 866 856 850 839 837 841 825 821 820 819 819 818 822 829 832 837 846 860 868 878 883 887 886 890 890 903 936 955 944 932 920 908 901 889 877 862 859 844 827 814 805 802 798 793 789 792 793 799 808 815 824 839 848 857 851 861 876 886 885 861
1072 1067 1056 1056 1050 1038 1024 1012 994 976 964 956 945 937 940 929 927 923 925 933 929 926 918 905 890 883 879 867 868 867 856 846 843 838 831 829 827 827 832 835 834 832 844 851 865 880 886 896 898 899 904 904 902 932 957 949 938 922 914 910 897 883 869 861 850 839 824 815 809 806 806 800 801 801 805 811 815 827 834 846 850 843 857 856 857 864 834
1078 1072 1055 1043 1043 1042 1027 1011 997 975 969 966 962 947 944 936 933 930 933 938 941 935 927 918 906 897 890 885 879 871 858 856 855 845 844 839 840 845 843 844 841 845 857 864 876 888 894 907 912 919 920 909 911 945 959 950 934 928 925 915 905 891 880 866 857 846 834 826 819 812 808 803 804 806 810 810 809 810 821 841 848 841 843 854 846 850 825
1073 1064 1061 1054 1040 1031 1020 1003 1001 992 991 980 970 955 960 952 945 938 939 950 948 942 933 921 915 908 902 899 884 878 869 858 852 849 851 855 859 858 859 859 858 858 873 882 889 898 907 915 917 925 929 932 912 937 960 946 936 937 935 922 915 903 890 877 865 856 850 840 833 823 819 813 807 812 812 817 810 810 817 837 841 836 836 841 840 826 792
1062 1060 1059 1052 1036 1023 1017 1017 1012 1000 989 980 969 960 960 958 952 952 956 962 960 955 949 937 932 925 920 902 897 888 876 876 867 863 862 864 864 864 869 874 886 868 874 889 901 908 920 922 921 932 944 945 926 948 958 943 949 946 936 931 923 911 900 888 878 869 864 849 849 832 820 819 817 814 817 817 815 816 822 828 836 838 836 833 821 819 794
1061 1054 1046 1041 1032 1034 1033 1025 1023 1015 1002 993 979 971 969 962 966 966 973 980 976 968 963 961 956 940 929 911 915 914 895 880 873 878 877 875 880 871 873 881 879 878 872 879 902 907 921 928 932 928 931 935 920 960 948 942 953 950 945 941 928 921 906 895 886 869 856 846 842 840 832 824 823 822 822 821 822 818 824 827 829 834 832 817 814 807 799
1063 1058 1046 1035 1042 1040 1038 1033 1030 1026 1014 1001 988 984 976 982 977 990 998 1001 997 995 986 972 965 956 941 927 924 918 912 902 887 888 884 886 885 880 877 884 882 886 889 884 896 912 919 923 934 935 927 928 924 970 945 947 950 957 951 947 932 929 916 901 888 865 857 846 848 844 837 834 832 826 825 826 822 820 822 825 825 821 819 820 819 806 807
1054 1053 1044 1049 1053 1047 1055 1050 1041 1031 1024 1009 1000 994 989 1000 1001 1018 1029 1029 1025 1013 1003 992 979 969 959 948 938 929 919 915 899 893 893 889 891 890 890 889 883 892 895 895 903 916 924 924 933 940 936 928 937 972 958 953 951 954 958 952 941 930 917 908 882 864 854 847 851 846 845 839 842 832 829 832 824 824 824 824 820 816 822 825 822 819 820
1039 1041 1048 1058 1066 1066 1069 1070 1053 1041 1029 1022 1013 1004 1003 1018 1028 1043 1056 1054 1046 1037 1022 1013 998 989 974 958 947 942 936 919 911 910 904 900 902 902 900 898 894 897 903 905 909 917 922 925 929 937 928 933 958 969 962 963 965 965 965 960 949 941 929 907 877 864 851 850 850 852 850 848 845 843 838 837 835 832 831 826 819 819 821 824 819 814 814
1042 1051 1054 1057 1066 1083 1097 1094 1072 1053 1036 1025 1017 1019 1017 1029 1049 1073 1078 1084 1075 1061 1045 1023 1013 1007 988 975 963 961 944 927 924 917 914 912 913 910 904 900 901 907 907 904 914 920 919 917 925 925 933 939 954 971 972 973 976 980 977 965 958 952 942 909 878 860 850 851 866 863 861 849 846 843 843 839 830 828 829 825 823 817 817 817 812 808 813
1051 1061 1066 1066 1077 1098 1110 1114 1088 1063 1039 1032 1025 1030 1037 1051 1074 1097 1104 1112 1102 1087 1061 1040 1022 1014 998 987 974 963 940 937 937 931 922 915 917 913 911 912 912 918 914 910 922 917 918 917 921 929 934 949 964 961 974 984 985 988 977 975 968 959 949 904 878 854 845 864 868 866 849 840 840 842 839 832 829 827 825 824 823 821 814 815 814 815 811
1057 1068 1076 1084 1089 1114 1122 1128 1100 1067 1044 1038 1033 1030 1044 1063 1089 1104 1130 1140 1119 1093 1066 1043 1031 1021 1012 1001 985 962 952 940 936 932 928 919 915 916 915 912 919 919 916 919 920 920 915 922 922 933 942 946 966 968 981 985 990 985 983 986 983 963 937 888 866 845 857 862 854 846 837 843 841 846 840 835 827 828 826 828 824 817 817 814 812 812 807
1050 1059 1072 1094 1111 1121 1137 1129 1114 1089 1062 1050 1041 1036 1047 1067 1093 1110 1152 1150 1113 1087 1074 1056 1041 1030 1021 1008 990 968 966 952 939 931 923 921 920 923 925 918 919 927 918 924 917 911 917 920 923 932 940 948 957 968 976 982 986 977 990 995 992 968 943 889 859 855 855 862 870 865 855 855 856 849 839 832 821 822 820 821 821 813 814 813 809 810 810
1044 1061 1069 1090 1109 1115 1114 1120 1122 1114 1088 1063 1049 1038 1044 1073 1095 1107 1139 1128 1110 1091 1072 1054 1042 1035 1019 1007 987 966 960 966 938 939 929 927 923 922 927 931 942 939 933 929 914 920 916 917 923 928 935 946 958 972 980 977 981 975 977 997 1001 966 937 912 874 857 875 864 869 874 868 844 847 835 821 820 822 825 820 818 813 812 809 808 810 805 804
1033 1051 1073 1082 1088 1105 1127 1129 1124 1119 1114 1100 1087 1075 1074 1089 1097 1095 1105 1108 1095 1078 1065 1051 1041 1035 1021 1002 983 964 946 936 939 934 930 932 932 938 934 952 960 954 945 935 916 916 911 914 914 920 921 937 955 974 985 996 991 1009 984 986 999 962 918 906 874 841 844 873 873 875 869 854 836 827 818 834 831 828 822 813 811 811 807 803 807 802 801
1032 1047 1062 1069 1083 1105 1121 1129 1131 1128 1130 1138 1136 1125 1113 1107 1096 1090 1089 1082 1077 1069 1056 1049 1041 1030 1018 999 981 964 945 932 941 936 934 933 938 945 947 968 972 969 957 943 935 918 910 912 911 915 919 942 958 968 983 991 1002 1005 1009 964 979 951 903 879 848 835 847 860 862 872 872 847 832 821 830 829 817 821 804 800 809 811 810 809 805 800 800
1023 1036 1056 1076 1091 1106 1115 1121 1123 1134 1151 1170 1194 1188 1161 1130 1104 1082 1071 1063 1061 1053 1046 1042 1044 1027 1015 1004 982 964 945 939 936 937 935 942 940 951 957 982 986 987 967 956 948 932 925 917 917 915 917 940 960 965 976 984 993 993 1000 972 955 940 904 875 836 829 847 848 859 871 855 830 825 819 808 805 819 821 800 800 811 813 817 814 809 805 800
1017 1040 1066 1083 1095 1110 1111 1111 1118 1136 1164 1195 1239 1241 1202 1151 1112 1068 1059 1051 1047 1042 1036 1037 1038 1032 1016 1014 984 967 953 940 941 942 940 944 948 950 968 994 1006 987 979 969 955 944 930 924 922 922 922 940 960 958 967 976 985 979 988 984 944 957 932 914 858 835 859 875 874 875 857 829 811 806 797 805 820 810 799 806 811 809 810 810 803 807 799
1025 1044 1068 1088 1098 1106 1110 1109 1118 1131 1160 1190 1238 1229 1197 1144 1087 1061 1052 1048 1044 1032 1035 1029 1029 1029 1023 1016 999 969 953 946 943 949 952 947 953 957 983 1009 1019 1009 1005 989 966 950 939 932 927 929 938 954 960 948 967 974 972 976 986 973 936 955 920 897 842 830 844 877 867 871 868 849 838 833 796 791 799 791 802 807 815 803 805 801 792 795 795
1038 1055 1075 1091 1100 1106 1106 1105 1109 1110 1124 1130 1160 1183 1175 1127 1076 1044 1044 1044 1041 1037 1028 1021 1024 1027 1021 1009 995 979 957 951 947 945 942 949 960 966 998 1018 1026 1020 1012 998 977 963 948 936 936 932 942 946 950 941 957 965 965 977 981 963 929 934 936 921 875 829 830 835 850 877 869 856 833 826 812 785 788 791 775 797 809 806 804 790 782 792 787
1051 1069 1086 1101 1106 1102 1101 1101 1095 1089 1084 1085 1126 1147 1145 1122 1096 1062 1052 1044 1045 1041 1031 1026 1027 1025 1026 1021 1008 987 972 960 953 951 947 946 956 968 1009 1018 1024 1016 1004 988 980 968 952 941 937 933 946 949 938 934 940 957 969 973 974 952 907 904 935 921 896 845 828 848 845 859 858 852 855 857 818 794 779 779 769 782 797 789 791 773 776 797 787
1068 1079 1096 1106 1108 1103 1109 1109 1105 1085 1057 1061 1101 1122 1121 1108 1094 1088 1074 1063 1055 1046 1034 1029 1036 1035 1033 1023 1012 993 973 967 962 957 948 953 959 983 1011 1020 1020 1011 1007 992 980 971 957 948 935 933 958 943 932 923 932 948 965 964 955 938 904 879 898 903 872 843 882 892 843 816 846 867 863 853 812 801 783 770 765 763 762 759 774 766 789 780 763
1079 1100 1103 1110 1101 1108 1128 1123 1096 1074 1053 1053 1085 1105 1109 1105 1104 1097 1097 1093 1082 1058 1050 1048 1045 1055 1048 1036 1025 996 980 972 973 956 952 958 956 999 1023 1020 1013 1004 995 987 980 971 959 955 946 961 962 952 927 915 914 945 958 949 937 928 899 868 882 882 842 879 901 873 822 861 871 877 856 845 820 800 783 769 760 755 757 757 756 754 749 748 752
1096 1113 1128 1125 1129 1144 1135 1121 1097 1081 1068 1079 1094 1108 1108 1108 1109 1116 1126 1119 1111 1091 1081 1072 1072 1070 1059 1042 1021 1007 993 985 979 966 959 959 963 996 1022 1015 1010 997 991 986 985 973 963 956 950 947 953 941 934 931 925 940 953 947 919 898 877 856 871 851 833 856 820 814 843 865 877 853 842 831 807 797 775 768 770 778 774 782 769 773 762 777 789
