exemple_data/Melocactus_MOP/T_Layers/Set1/Layers_2/bio_12.asc
ncols         264
nrows         360
xllcorner     -45
yllcorner     -17
cellsize      0.041666666666667
NODATA_value  -9999
[rows 156 to 194 of 360, columns 0 to 86 of 264]
959 955 940 925 921 916 907 888 872 857 851 851 885 904 925 907 896 875 860 860 860 866 869 858 846 841 834 832 831 825 826 828 833 835 844 846 836 838 838 837 845 843 838 839 837 836 831 824 812 813 807 793 783 772 763 747 731 713 708 688 688 666 673 671 664 658 647 639 635 621 614 610 603 595 563 535 531 558 551 543 532 517 514 489 501 496 485
960 947 934 926 911 913 910 904 892 875 872 848 860 896 930 925 900 888 877 876 868 871 862 845 838 835 831 840 827 822 823 825 830 832 841 839 833 834 836 835 839 834 835 838 838 830 829 818 815 810 807 800 788 779 772 749 737 720 706 692 683 672 672 662 660 657 647 638 632 623 609 598 593 567 566 549 533 538 533 532 519 510 505 478 491 485 479
954 943 924 914 919 911 906 906 902 899 895 884 859 884 919 918 911 895 877 879 869 860 845 833 834 828 828 824 824 823 821 822 826 831 838 836 827 834 830 830 833 829 828 832 828 829 825 815 814 809 805 796 789 786 769 755 740 726 707 695 691 681 669 660 660 654 642 637 635 619 610 594 579 558 546 533 519 518 522 514 508 503 486 477 487 471 478
946 937 923 915 907 904 908 912 910 894 896 890 888 906 912 894 872 866 860 875 864 845 831 822 818 808 811 821 827 819 823 824 825 831 833 832 823 822 825 826 827 827 826 825 820 826 814 816 808 804 803 797 792 789 774 761 754 736 715 702 689 677 670 672 657 652 647 636 637 624 603 588 573 556 541 521 512 518 511 504 503 509 500 502 498 487 500
951 932 916 911 907 893 887 879 878 885 889 885 886 883 864 869 840 842 844 845 840 835 825 816 805 796 799 809 829 827 827 826 829 829 828 827 815 821 822 823 822 822 820 820 815 821 810 812 804 801 798 796 802 797 780 769 756 741 732 713 701 693 683 675 664 654 642 633 631 622 608 589 569 553 536 520 514 513 507 504 507 512 506 512 505 514 517
940 933 917 912 909 900 892 894 888 884 882 870 855 843 843 854 857 848 845 837 834 833 827 822 809 786 800 797 812 825 824 824 826 826 828 826 813 819 818 820 819 818 820 810 812 815 806 807 803 800 801 804 805 805 784 772 756 745 733 719 708 696 683 670 662 646 640 633 621 621 605 596 579 560 538 532 518 516 508 504 509 508 503 514 514 517 526
937 935 920 920 907 907 907 904 907 887 885 882 868 850 841 854 853 863 846 844 844 842 837 830 814 799 814 823 815 808 817 823 824 822 821 817 817 815 811 814 815 816 813 807 812 809 805 800 798 799 806 806 801 802 785 772 761 747 726 718 703 686 666 645 632 632 624 625 616 612 603 582 572 565 554 538 527 520 508 503 508 510 507 509 517 519 526
932 931 927 915 904 908 895 884 882 889 882 882 871 847 843 851 857 856 857 859 859 854 846 833 830 810 814 821 826 829 819 816 819 822 820 815 815 810 810 809 811 812 806 809 810 801 800 799 797 799 800 807 799 797 780 767 759 733 725 704 683 672 658 633 631 618 621 622 619 605 594 593 589 575 559 548 533 527 519 510 512 510 515 516 518 523 533
938 936 925 911 904 899 884 871 881 867 866 858 866 856 853 851 854 859 866 869 869 869 860 852 843 831 815 818 826 826 819 814 820 820 819 814 814 809 806 807 811 813 805 807 803 804 796 797 799 799 794 795 788 788 780 757 749 731 716 696 683 667 643 639 632 604 619 618 610 605 603 600 594 576 563 556 544 542 539 526 517 514 520 518 522 527 537
949 934 919 909 903 906 909 900 888 876 860 853 856 866 866 865 867 873 874 881 878 882 876 865 861 840 825 820 818 810 813 818 813 813 816 812 810 805 800 800 807 804 797 802 802 796 791 791 790 794 792 783 777 771 759 741 729 719 702 688 675 666 646 620 614 621 613 613 608 607 605 594 598 582 573 563 557 551 538 533 526 521 526 525 527 529 541
941 943 927 913 896 882 902 894 889 881 868 860 870 879 880 881 877 881 894 906 904 903 886 873 866 849 836 828 821 817 815 819 816 811 812 807 805 799 801 801 806 798 794 795 798 787 788 784 783 786 777 770 771 756 742 718 708 712 695 686 675 668 656 633 622 621 620 613 613 613 613 607 604 588 575 569 567 556 545 540 536 533 532 533 536 538 544
946 940 927 914 920 921 910 904 892 889 882 879 879 882 883 888 894 900 906 916 920 920 900 880 878 863 849 838 826 819 814 811 809 808 805 803 801 796 798 801 800 790 790 794 791 780 786 785 783 776 773 760 758 747 737 715 703 697 686 681 677 670 663 648 635 630 631 623 624 617 614 615 611 596 581 578 569 557 550 547 545 548 544 546 544 541 544
934 946 930 918 915 931 928 922 899 888 891 897 896 894 899 895 900 908 921 931 938 929 918 893 886 870 851 841 830 819 816 810 808 805 799 798 797 795 793 792 793 789 787 790 781 778 774 772 770 764 763 756 752 746 729 726 708 694 687 682 679 672 674 663 655 647 642 635 632 625 621 621 623 607 592 584 574 562 559 554 555 554 549 550 548 548 548
906 926 925 896 889 904 907 918 913 903 904 903 901 903 906 918 911 926 943 955 950 939 908 895 882 870 848 844 833 823 812 806 801 799 796 794 795 791 789 787 787 784 780 779 770 770 764 766 772 770 755 746 737 735 720 719 716 695 685 685 684 680 693 689 677 664 652 646 641 633 624 620 621 618 601 587 577 567 565 558 557 554 551 552 550 552 551
911 900 921 911 895 902 906 910 913 900 897 893 894 895 896 912 921 936 955 969 960 957 919 893 880 864 844 840 835 822 810 801 794 792 790 789 788 787 781 781 782 776 775 765 763 758 756 766 767 758 741 730 729 725 717 713 713 696 699 687 685 691 708 708 694 677 662 654 643 636 632 623 622 617 604 594 581 573 564 565 559 552 557 555 548 549 558
912 894 910 916 906 906 910 909 902 892 892 898 904 895 898 907 922 931 950 966 961 938 919 893 875 854 841 834 832 812 805 799 793 795 785 781 780 779 778 780 774 770 764 756 752 757 751 761 756 742 736 728 724 724 715 702 700 699 689 684 684 698 712 708 688 684 669 655 649 638 632 629 622 626 604 594 581 574 567 567 563 558 561 561 556 553 561
912 909 909 917 926 919 922 916 913 903 895 891 897 895 910 923 930 940 956 962 947 919 899 876 865 848 831 826 828 812 792 787 784 785 780 774 775 775 778 777 772 764 754 750 749 749 753 746 735 739 731 728 722 713 710 698 696 686 673 678 684 695 701 697 687 677 684 668 653 646 641 634 622 611 603 606 587 578 573 567 564 561 556 555 564 563 545
903 912 918 918 921 920 935 923 919 916 910 899 902 910 906 915 937 949 944 942 926 909 881 868 855 840 824 816 813 811 790 779 778 781 776 768 765 775 773 767 763 767 760 745 743 733 736 731 728 725 721 721 713 709 703 695 676 674 676 684 688 692 692 688 685 679 669 663 654 644 633 628 624 614 606 603 594 582 581 573 567 567 563 561 566 563 563
902 915 921 917 913 929 926 921 930 925 917 904 909 911 918 924 932 948 935 926 927 914 891 865 848 832 816 807 796 796 792 776 767 778 774 760 765 769 767 771 772 769 754 735 732 730 722 728 721 711 715 709 705 701 694 686 676 674 661 670 689 696 688 678 672 673 667 657 648 643 632 627 621 618 607 607 595 588 579 579 574 579 572 565 567 570 562
892 907 915 926 915 934 922 921 938 941 927 916 914 920 927 939 936 939 935 921 908 894 889 872 845 825 815 796 784 781 789 779 764 763 761 758 760 759 762 767 760 755 749 731 726 718 712 712 706 696 701 701 700 694 686 681 672 675 670 666 685 687 682 671 671 667 669 655 643 635 631 623 617 618 615 605 599 595 589 596 586 587 579 572 564 562 563
886 916 910 920 922 934 949 972 981 963 950 947 929 943 948 944 944 922 916 917 903 880 873 857 845 821 805 786 770 775 780 766 758 752 754 755 751 753 752 744 743 740 733 724 719 714 706 697 694 688 693 698 693 686 677 671 676 679 672 678 683 680 678 668 670 678 681 653 640 633 630 623 616 615 613 607 602 595 588 585 585 583 581 578 579 556 563
880 916 926 919 937 961 986 992 1007 997 983 964 958 952 955 960 949 923 912 906 896 884 865 850 834 818 798 781 762 759 776 767 749 745 747 746 746 745 741 734 729 729 723 715 707 699 696 686 685 679 684 686 686 683 672 667 673 676 676 675 669 666 664 663 661 658 655 651 637 631 633 623 617 614 615 605 605 599 590 588 588 580 579 579 579 573 566
896 933 975 956 957 1005 1024 1020 1022 1028 1013 991 986 980 965 957 941 926 909 901 888 892 870 850 835 815 794 778 764 756 759 750 744 744 742 739 739 737 733 727 722 716 709 706 695 689 685 680 674 667 665 664 673 674 672 671 664 665 674 665 662 656 657 662 660 656 651 644 639 626 618 618 602 618 613 610 608 601 594 591 588 587 584 583 579 573 570
914 959 992 980 976 1003 1044 1073 1054 1067 1045 1022 1009 991 968 955 944 928 912 900 889 869 861 859 849 820 794 775 765 761 751 747 742 737 737 734 732 729 728 718 716 708 700 695 687 679 671 668 663 656 656 662 664 668 664 666 658 655 660 656 653 654 658 662 657 654 650 644 640 631 620 615 615 617 610 613 611 610 596 591 592 591 582 580 577 579 573
931 955 985 1012 1006 1051 1074 1100 1105 1098 1072 1038 1017 1007 967 951 946 922 911 906 883 868 855 844 832 824 802 780 772 763 750 743 737 733 729 726 725 723 720 712 703 699 691 679 675 668 660 659 655 656 652 658 658 653 651 651 649 652 657 651 645 649 657 658 654 648 650 642 638 631 629 626 629 623 616 614 611 614 598 589 576 569 558 556 552 552 547
957 956 977 1007 1038 1070 1110 1141 1136 1104 1079 1047 1021 1007 980 960 947 916 903 894 884 872 857 839 827 818 801 786 772 757 746 739 734 729 722 717 722 721 714 706 697 692 687 679 678 667 660 648 651 650 654 656 651 651 652 649 645 643 646 653 648 648 650 648 653 648 643 644 640 637 638 643 635 625 619 620 612 604 592 579 557 546 545 544 548 554 544
962 961 980 1006 1050 1074 1090 1105 1106 1088 1079 1040 1017 998 979 957 934 929 907 893 883 872 855 842 829 820 807 790 772 760 745 738 725 718 714 713 712 707 704 702 691 688 683 673 667 665 658 655 647 646 645 652 650 649 650 645 640 638 638 647 646 647 645 646 644 643 642 642 640 625 640 641 630 627 619 616 608 598 583 567 549 542 546 551 554 550 529
950 965 986 1008 1021 1045 1057 1075 1080 1073 1062 1034 996 990 969 940 924 919 909 896 884 871 857 848 836 823 803 788 770 758 745 729 718 712 711 710 705 698 697 695 689 683 682 672 669 664 659 656 649 646 649 646 646 644 649 645 639 642 647 643 642 632 628 629 626 639 630 640 640 646 641 630 620 614 608 605 594 588 568 555 549 518 518 531 520 530 531
935 942 965 999 1006 999 1007 1048 1046 1048 1040 1025 1006 988 960 935 923 916 902 897 884 870 864 852 836 822 808 788 773 757 739 722 716 713 712 711 703 695 690 693 688 682 674 671 667 660 655 649 648 652 649 643 642 645 648 648 637 639 642 645 641 630 619 620 620 629 635 636 633 641 647 648 622 609 598 591 591 595 591 568 541 507 501 502 506 508 511
917 922 938 974 985 983 1000 1015 1022 1016 1016 1011 993 979 967 941 926 916 905 897 888 875 863 852 843 829 817 795 780 763 747 730 722 724 711 710 705 698 695 689 685 680 674 667 665 661 654 648 645 645 647 647 649 647 650 650 639 647 646 651 641 631 620 619 625 626 629 623 628 646 654 655 656 629 621 611 598 607 593 557 526 513 509 509 509 512 514
911 919 938 954 951 961 975 993 993 994 993 984 982 973 960 938 923 915 907 901 895 878 864 855 850 835 821 809 791 769 752 734 726 723 717 711 705 699 696 697 686 682 676 667 666 660 655 652 648 648 645 647 652 655 654 649 650 652 647 649 640 631 623 622 628 635 640 627 624 631 650 653 659 660 655 638 613 591 570 553 538 540 553 549 540 536 541
906 917 933 934 926 941 960 959 970 971 974 971 971 966 953 935 926 920 911 906 901 885 873 862 859 846 832 818 795 772 759 747 737 731 726 718 713 705 699 693 687 683 677 669 664 663 656 650 651 651 651 651 647 652 653 647 654 662 656 655 650 644 629 621 637 631 635 622 625 640 670 681 673 669 656 640 621 616 593 583 579 572 563 540 531 522 517
898 908 917 911 918 933 940 943 944 945 946 953 954 953 945 934 930 919 919 909 891 880 872 865 858 849 841 826 800 783 765 752 745 742 732 728 721 711 704 696 700 694 686 675 668 666 667 662 657 653 652 646 646 650 656 655 660 664 660 653 648 646 648 630 631 639 620 617 631 650 672 676 667 666 658 648 634 631 620 605 590 576 557 544 532 528 520
889 891 898 903 912 924 927 920 918 919 925 925 932 938 932 929 928 929 921 907 889 875 867 861 849 846 837 820 803 787 772 761 750 746 738 733 729 717 710 702 695 690 687 683 678 677 672 666 666 667 658 653 650 653 657 656 656 660 663 659 652 654 653 638 626 620 614 619 634 655 666 668 664 661 651 644 635 627 613 600 594 583 567 549 541 529 515
885 886 893 899 906 910 913 906 899 898 911 916 920 937 931 930 930 925 916 896 885 873 859 848 834 830 829 816 802 788 776 770 756 755 745 736 725 721 713 705 699 695 694 689 687 682 676 669 668 666 670 666 657 650 654 657 659 659 663 672 671 655 646 640 627 615 614 623 638 657 662 664 666 659 649 640 633 622 612 598 592 581 569 554 545 533 516
870 893 910 911 909 903 901 900 885 886 903 908 913 923 921 923 929 926 909 892 886 871 851 837 822 810 813 807 801 789 782 774 764 759 753 743 732 725 720 716 709 708 706 700 689 684 682 680 675 671 670 662 653 648 652 650 658 661 669 673 675 664 665 655 623 619 619 628 645 660 668 669 663 653 651 641 632 619 608 599 592 579 569 563 545 533 515
889 902 913 909 905 902 900 895 881 888 905 909 913 917 925 929 939 927 908 895 882 871 855 834 811 803 816 808 798 791 787 781 772 761 756 750 741 732 728 723 717 710 704 698 693 692 688 688 692 698 675 669 658 654 651 653 658 662 672 679 682 660 650 633 625 619 625 642 656 657 670 669 662 653 640 635 626 619 608 599 581 562 543 548 542 526 511
908 921 919 913 912 910 902 896 892 902 914 914 909 916 920 933 950 935 908 890 879 862 845 828 818 804 804 801 800 796 790 788 780 770 764 760 752 739 740 738 732 726 715 709 707 701 693 694 698 703 679 672 667 662 659 657 663 660 670 676 661 643 626 623 628 632 629 643 647 641 651 655 658 647 634 625 620 617 607 591 563 556 549 546 536 528 509
921 924 918 911 915 916 908 909 902 914 929 930 916 929 938 927 923 931 925 896 880 865 847 832 821 818 807 805 806 803 796 793 785 777 771 766 761 753 750 747 739 732 723 717 716 705 698 692 704 688 680 681 691 664 665 668 665 670 665 664 648 631 628 637 645 643 625 622 626 635 633 629 636 634 632 625 621 610 593 574 548 560 555 539 526 515 505
