exemple_data/Melocactus_MOP/T_Layers/Set1/Layers_2/bio_12.asc
ncols         264
nrows         360
xllcorner     -45
yllcorner     -17
cellsize      0.041666666666667
NODATA_value  -9999
[rows 195 to 233 of 360, columns 0 to 86 of 264]
924 916 917 912 917 917 918 923 911 925 936 935 920 935 946 929 926 929 922 899 889 871 860 849 831 828 813 807 806 808 803 797 792 787 786 774 770 764 767 763 752 743 737 727 723 715 706 698 691 689 688 672 693 690 667 667 670 669 663 655 634 626 633 635 637 632 625 631 621 627 628 620 621 622 622 617 608 598 575 555 558 561 548 534 524 523 523
930 921 918 919 918 919 921 918 915 926 935 930 928 948 944 949 949 923 918 902 892 880 872 865 846 836 826 823 819 814 808 808 800 801 794 789 784 773 779 773 770 762 750 735 728 728 716 709 703 697 693 683 684 669 672 675 664 667 662 645 629 617 622 629 631 623 619 629 622 625 621 624 627 619 614 610 606 598 579 568 572 556 543 541 550 555 545
942 937 932 927 925 925 920 918 928 936 939 939 945 953 943 937 929 921 920 907 899 895 891 876 860 848 840 839 834 827 822 816 812 816 809 798 794 786 798 793 782 778 767 751 740 736 725 721 714 700 694 685 679 674 673 670 667 664 666 656 637 623 623 625 637 626 632 626 628 628 627 621 609 612 614 608 603 589 581 571 567 556 553 561 566 573 546
957 946 944 938 931 927 920 920 936 943 947 940 942 937 936 939 936 937 924 915 905 895 901 898 869 856 854 852 846 843 831 826 823 822 813 808 805 792 799 814 794 786 776 763 750 746 736 729 720 710 699 692 684 676 669 664 667 667 655 656 633 630 627 634 638 630 636 626 621 622 621 617 611 603 606 607 605 596 576 570 562 567 574 579 577 573 562
958 952 955 950 946 931 930 932 935 939 943 947 949 953 952 951 952 955 933 919 921 900 894 900 882 873 868 865 857 849 844 839 841 834 821 819 819 808 822 824 812 805 786 771 757 748 740 733 725 715 707 693 684 681 670 663 657 663 662 659 645 635 633 653 651 644 640 629 623 618 617 616 611 605 608 616 613 597 582 569 559 577 582 584 597 600 576
959 952 952 951 949 938 943 943 945 950 962 967 957 961 964 969 980 954 940 934 930 918 910 914 896 885 884 875 863 860 856 855 855 846 836 831 838 826 828 827 816 803 790 773 766 756 746 737 727 717 709 698 689 683 677 667 664 661 673 659 647 645 648 650 660 652 632 622 612 612 612 610 609 606 604 608 608 597 576 570 576 570 582 593 598 606 591
962 957 950 950 947 954 949 956 953 955 964 967 971 974 985 997 995 958 954 945 938 933 928 925 908 901 897 883 877 874 867 866 865 857 860 843 846 829 838 845 837 813 788 779 773 768 757 749 734 721 713 705 698 690 683 669 668 657 658 662 654 652 655 650 656 650 630 619 612 608 607 601 597 596 598 597 588 578 565 557 562 577 585 579 581 588 581
967 961 954 955 953 955 959 966 963 970 974 975 983 989 994 1011 1006 973 965 958 951 947 940 929 921 913 903 896 891 890 881 885 879 869 859 851 857 841 847 844 823 828 799 787 776 767 757 748 744 734 716 707 701 696 683 669 661 660 655 655 657 649 654 639 649 634 623 616 610 605 599 596 590 589 586 585 578 569 558 561 556 562 569 570 579 583 591
974 968 966 959 958 964 969 973 971 985 990 991 997 1007 1016 1030 1020 989 974 969 963 963 948 937 928 915 913 906 901 898 895 894 891 881 872 867 866 850 861 855 826 831 825 800 784 772 763 757 747 738 729 716 704 697 689 686 683 669 657 665 658 645 638 631 628 626 617 609 602 599 597 589 581 577 577 577 567 560 551 553 562 571 573 576 581 586 585
978 971 965 964 968 974 978 983 990 1001 1008 1007 1015 1028 1032 1040 1042 1024 992 985 978 970 955 943 932 927 914 914 913 907 902 905 897 891 884 874 874 862 870 871 833 830 848 815 798 782 772 760 746 729 722 713 705 694 694 695 694 670 671 659 649 637 630 624 621 612 608 600 599 591 595 584 569 567 565 567 559 550 547 552 549 552 554 557 564 575 588
981 975 975 980 981 982 981 989 998 1012 1022 1030 1042 1065 1062 1061 1060 1046 1017 997 989 979 965 955 942 932 923 921 920 916 914 914 910 909 897 880 876 869 876 878 852 850 838 811 796 796 780 762 750 735 723 715 707 699 683 691 684 664 653 651 644 630 621 617 612 604 596 606 600 585 583 584 565 559 550 578 552 544 542 535 519 519 533 533 542 554 564
982 984 986 984 991 990 993 1001 1013 1033 1053 1064 1068 1072 1082 1073 1076 1066 1044 1026 1004 984 970 957 945 935 927 924 921 918 918 921 920 920 911 893 888 880 884 887 856 862 870 828 800 804 800 765 741 728 722 703 695 692 685 678 673 670 655 646 637 627 615 607 604 599 590 591 583 579 584 586 591 564 563 541 531 531 522 519 543 562 559 565 567 562 549
983 991 994 990 994 1002 1004 1020 1045 1067 1076 1079 1076 1082 1093 1090 1083 1074 1055 1037 1013 987 970 959 951 937 934 929 922 920 922 929 936 940 925 904 898 886 893 906 887 883 846 816 801 795 782 769 741 731 725 705 690 679 673 674 674 665 656 644 632 620 609 599 597 598 592 595 597 584 583 578 576 556 542 532 521 516 513 510 528 565 566 572 566 547 536
989 995 994 991 997 1005 1020 1042 1052 1064 1071 1078 1083 1091 1098 1103 1101 1079 1058 1030 1016 979 958 947 959 949 942 931 926 921 926 934 943 941 925 911 903 894 898 922 890 865 847 829 813 797 778 758 740 724 723 712 694 683 677 668 669 659 651 642 627 617 617 601 608 592 595 582 582 569 570 573 557 541 534 538 521 516 512 503 518 544 563 550 541 540 553
988 993 995 999 1005 1020 1038 1046 1052 1058 1061 1068 1083 1094 1099 1100 1095 1067 1045 1021 1005 974 953 945 953 955 951 945 936 930 923 928 947 942 930 911 908 899 908 924 898 873 858 836 812 791 777 761 746 729 714 710 687 678 668 653 655 648 637 629 624 614 616 600 602 587 585 577 574 577 567 564 566 542 533 526 523 513 504 509 509 534 537 544 535 539 550
985 988 996 997 1013 1033 1051 1057 1064 1057 1059 1060 1067 1080 1091 1092 1073 1052 1039 1014 987 970 955 941 940 946 939 934 926 920 921 926 920 916 912 909 901 898 909 923 914 886 857 834 808 792 775 754 742 729 712 696 686 677 656 655 641 639 626 627 627 624 613 600 596 589 575 572 556 555 547 558 555 549 573 521 532 508 498 503 519 514 511 532 540 536 539
981 986 1000 1007 1023 1038 1035 1043 1048 1048 1047 1050 1050 1058 1065 1066 1056 1034 1031 1015 986 971 955 943 941 941 936 923 921 920 920 917 916 908 900 896 895 888 905 906 887 875 852 842 817 790 767 751 742 725 702 691 669 657 662 653 644 644 630 625 619 611 599 593 574 571 578 578 568 567 561 556 546 539 533 514 533 530 521 509 528 524 520 514 535 556 541
982 984 1001 1013 1026 1030 1035 1043 1036 1032 1035 1046 1048 1041 1046 1050 1039 1023 1017 1005 983 979 960 943 945 952 942 929 915 913 919 912 906 897 888 880 876 874 895 874 856 829 817 812 795 770 754 743 733 712 695 688 677 663 667 661 659 649 649 636 608 603 591 586 579 564 573 576 573 560 555 535 533 565 548 542 552 543 549 542 543 539 526 516 519 525 505
982 989 996 1014 1025 1023 1021 1023 1022 1024 1028 1035 1037 1046 1039 1028 1015 1006 998 988 976 965 975 954 940 937 940 935 920 921 914 906 894 888 880 867 864 858 879 848 831 805 801 801 774 754 747 742 731 711 701 694 680 687 679 653 646 637 639 633 614 595 587 577 565 568 570 582 574 568 556 554 538 552 564 569 556 552 551 551 553 552 541 521 513 526 514
972 988 992 1003 1014 1012 1012 1007 1011 1016 1023 1023 1024 1030 1026 1016 1000 993 986 975 970 960 963 970 946 933 924 921 905 903 905 895 881 877 862 853 846 838 866 828 804 784 774 771 763 753 735 745 729 740 716 691 715 697 667 645 640 627 627 619 615 593 571 569 565 564 583 583 584 573 553 566 544 534 567 575 563 566 561 549 553 550 538 523 531 533 515
963 975 984 992 1001 999 999 1002 1005 1013 1012 1018 1014 1010 1004 998 990 980 975 969 963 959 950 962 942 926 917 906 898 884 886 877 862 860 848 838 825 829 859 805 787 766 760 749 743 744 746 728 744 726 717 730 701 690 672 650 640 638 634 628 606 600 571 574 570 566 572 564 587 572 568 545 546 560 587 582 571 563 567 555 553 552 544 528 518 508 514
950 961 976 984 990 989 993 994 997 1002 1005 1019 1006 1003 1002 994 980 972 965 961 957 951 940 935 954 915 908 905 890 880 873 850 844 843 830 819 809 818 854 787 773 751 748 735 729 736 731 733 721 729 725 724 709 670 684 676 669 653 636 639 629 614 606 577 576 573 592 594 585 570 562 570 552 574 577 568 569 566 569 565 561 554 537 531 521 514 512
950 967 979 985 993 996 996 991 997 1003 1001 1006 1002 997 993 989 979 965 958 953 946 941 931 925 935 939 896 885 872 864 855 836 830 825 816 805 795 795 838 770 758 738 727 716 728 711 733 740 726 746 721 715 703 709 703 710 705 695 666 657 659 617 593 583 591 585 595 594 583 565 549 554 566 574 580 579 576 574 572 562 547 541 525 518 508 524 512
953 968 980 986 993 996 999 994 997 1001 1004 994 992 991 991 991 979 968 957 952 942 929 922 921 915 944 911 874 860 847 836 829 816 813 803 792 785 780 814 754 741 730 717 703 701 702 729 732 720 721 718 724 717 749 707 705 717 717 683 669 674 642 607 603 604 589 584 595 592 560 556 560 567 590 581 582 578 572 569 549 542 537 529 517 508 529 512
959 971 981 987 991 997 999 999 1003 1002 994 989 989 986 979 986 969 962 947 939 926 923 914 920 908 913 917 868 864 840 824 810 803 795 794 785 777 776 771 742 731 724 712 706 693 701 722 722 706 702 702 703 700 693 701 731 731 721 693 683 681 670 627 621 611 602 607 606 592 583 580 593 569 570 572 572 580 562 555 548 546 540 530 523 513 518 521
966 982 982 984 993 996 992 999 1000 1006 992 986 984 977 968 978 968 952 950 938 931 921 913 904 899 895 924 860 850 828 813 800 799 802 791 781 774 764 757 769 734 719 702 692 693 708 725 717 707 703 703 694 700 703 720 748 756 731 709 702 687 693 650 632 638 619 612 619 617 614 622 632 616 585 586 590 576 568 560 555 550 544 537 530 521 519 526
973 976 979 985 993 997 999 995 998 990 986 983 975 969 960 966 952 944 943 934 924 919 917 916 903 891 909 876 844 824 811 805 806 800 792 780 765 757 754 760 750 720 710 695 705 716 718 715 714 709 710 706 721 757 763 769 770 746 728 711 682 694 675 639 652 650 623 621 644 651 630 641 628 618 608 603 589 571 565 557 555 546 540 530 526 530 540
969 980 979 988 987 985 991 987 983 988 985 973 969 972 969 958 947 943 935 932 919 910 899 898 903 902 893 899 852 835 826 817 810 804 796 780 769 757 751 761 786 728 724 704 716 727 726 723 726 720 717 717 719 789 810 775 775 761 747 727 694 690 686 655 649 652 645 633 653 662 645 624 620 633 627 631 602 575 568 561 555 547 542 537 534 531 548
970 977 976 978 975 981 977 976 973 977 972 964 958 951 953 950 942 939 933 927 914 907 901 893 893 897 890 903 862 850 839 831 829 818 803 785 772 762 756 758 786 745 728 711 721 733 729 734 733 733 730 725 723 781 809 797 783 767 758 737 720 693 691 666 667 664 661 651 656 675 669 625 612 614 605 614 615 590 568 559 553 546 544 532 531 532 543
996 978 976 976 978 977 977 980 978 972 964 959 955 944 946 947 938 934 927 917 906 898 897 898 890 885 883 878 875 852 846 842 840 833 809 789 780 770 760 755 766 762 738 723 742 751 739 752 767 752 746 741 740 788 820 818 803 780 764 750 739 724 704 675 667 674 676 667 663 678 680 668 646 647 616 602 614 586 567 561 552 543 541 533 528 545 547
1001 988 980 970 975 981 977 976 974 969 961 960 957 952 947 945 937 928 922 917 900 893 893 894 888 891 887 876 880 852 846 837 834 826 808 794 781 776 766 759 755 750 738 740 759 754 755 761 766 772 760 754 758 839 864 844 818 795 766 767 742 729 719 697 674 682 694 664 656 670 689 677 657 646 621 602 600 586 584 566 554 546 557 544 547 545 544
990 973 976 978 981 976 973 974 969 961 958 961 955 947 941 933 930 920 911 901 894 887 886 890 888 880 878 871 876 854 841 831 829 829 816 804 784 772 767 763 753 751 750 760 762 767 767 775 781 785 779 771 785 862 905 881 846 810 777 769 760 745 735 717 692 709 697 672 663 661 675 676 666 645 635 613 595 574 582 593 581 580 562 582 577 562 545
984 967 971 983 982 970 971 969 964 961 962 964 954 942 939 927 921 912 902 897 890 887 889 885 882 877 873 865 871 865 845 836 828 829 816 801 790 779 770 767 766 767 768 777 776 777 783 788 797 799 794 785 833 925 935 911 858 827 790 780 765 753 746 730 714 725 714 686 671 667 665 678 662 645 630 607 572 565 560 570 560 561 550 563 573 566 552
962 960 962 971 972 967 971 967 961 960 961 961 953 944 934 926 927 917 901 893 890 889 890 876 881 875 865 861 861 885 850 839 832 817 809 807 795 784 775 770 774 775 783 785 788 794 804 810 813 816 811 820 886 979 956 934 889 833 799 794 774 758 753 752 735 725 734 703 666 670 672 674 653 642 630 614 577 558 557 556 579 580 585 565 578 590 579
956 962 958 962 967 968 978 981 970 967 963 963 954 948 938 934 928 916 902 888 889 881 876 874 874 873 867 862 854 886 872 861 835 814 802 797 793 784 779 784 780 794 794 799 803 809 820 830 834 840 843 865 924 989 1002 941 896 854 808 800 783 775 779 769 752 733 736 707 674 668 668 668 651 629 620 594 584 555 562 570 569 578 572 572 585 587 587
971 973 965 970 972 977 978 982 975 975 974 970 962 959 948 940 934 921 902 887 873 871 872 871 872 872 869 866 858 881 890 882 842 820 806 797 797 793 793 779 777 791 799 805 815 829 836 847 872 889 885 926 966 999 990 922 871 851 814 801 790 789 786 790 774 722 726 709 695 677 669 660 649 621 581 582 571 553 549 569 566 579 570 583 588 585 588
988 981 978 975 976 976 970 972 973 979 977 972 971 963 955 948 939 930 913 893 886 881 882 880 871 875 879 872 866 871 883 869 860 828 809 795 792 795 805 779 789 796 807 820 824 839 854 871 882 893 882 903 984 979 941 894 863 831 815 795 785 797 793 804 780 705 700 707 692 683 666 649 636 626 611 590 570 566 557 572 558 574 591 593 594 591 584
1011 997 993 973 981 981 979 976 972 981 980 977 974 968 964 958 949 935 917 900 904 891 896 900 881 879 878 870 868 858 875 854 856 845 811 799 789 781 782 776 788 802 814 822 834 849 867 886 895 881 874 866 902 929 862 849 816 783 787 786 802 797 782 790 750 699 684 693 678 669 660 640 631 622 592 583 577 558 567 582 575 571 595 601 613 607 599
1003 991 982 983 991 990 993 981 977 977 974 973 971 967 960 957 955 940 925 912 915 905 908 898 886 882 881 873 863 854 864 860 836 866 817 798 790 783 783 776 787 793 811 821 840 858 877 899 916 892 870 844 814 805 805 778 764 746 747 772 807 799 762 761 711 689 681 677 666 655 655 633 624 614 597 566 564 546 555 588 598 598 599 605 619 597 631
