exemple_data/Melocactus_MOP/T_Layers/Set1/Layers_2/bio_12.asc
ncols         264
nrows         360
xllcorner     -45
yllcorner     -17
cellsize      0.041666666666667
NODATA_value  -9999
[rows 273 to 311 of 360, columns 0 to 86 of 264]
988 980 975 970 962 960 965 954 955 940 934 936 946 960 971 981 990 1000 1008 1018 992 979 959 933 906 882 856 840 829 827 831 830 818 815 805 816 802 802 829 839 851 866 884 891 906 909 905 897 884 876 872 855 838 826 817 817 816 845 826 835 833 826 820 805 804 802 824 868 838 868 944 1001 979 981 1014 1059 1002 951 790 727 658 657 691 888 941 928 977
975 970 968 964 963 965 962 950 940 938 941 945 950 958 968 971 979 984 983 987 984 973 960 931 912 888 872 853 845 837 833 821 810 811 814 811 789 793 823 836 847 864 894 902 907 903 906 907 897 878 877 861 841 830 815 813 812 823 825 815 820 813 813 797 798 801 795 810 833 817 876 963 1003 990 985 1003 1018 934 945 850 644 638 676 877 949 937 979
961 962 968 960 962 952 949 942 938 938 938 938 943 953 957 961 968 975 976 977 974 966 958 934 917 888 874 882 882 840 834 815 813 810 805 796 786 796 815 828 854 871 891 909 915 913 917 916 905 886 877 867 846 840 820 814 814 811 815 812 813 814 807 793 789 779 785 806 845 822 861 917 996 992 940 909 944 666 712 847 615 618 632 770 946 947 974
959 963 958 952 948 942 936 934 936 935 938 940 941 949 949 957 962 960 959 961 959 952 942 933 914 888 881 887 892 844 818 810 809 803 804 787 780 787 806 833 858 881 904 919 922 907 915 920 902 890 870 880 869 842 820 811 811 804 802 803 807 804 793 788 784 772 760 759 822 849 832 883 983 1011 953 868 855 660 630 654 604 624 618 756 953 968 971
956 957 952 947 945 941 937 937 936 937 940 938 937 936 937 942 954 947 944 948 944 938 931 924 904 899 901 887 874 835 813 804 806 798 801 780 775 784 799 824 862 888 917 934 942 931 929 912 908 887 868 872 865 832 817 808 804 795 798 797 804 805 804 815 799 771 755 752 776 809 849 817 892 836 866 884 819 700 620 610 606 603 620 761 930 940 965
952 949 945 946 953 948 943 942 942 943 938 931 933 923 927 931 934 931 931 935 933 929 923 911 903 902 896 881 868 828 806 799 794 784 781 769 775 798 809 830 870 903 933 949 953 948 920 908 898 895 865 855 863 833 820 816 816 818 798 795 793 796 810 821 823 797 760 732 735 758 802 764 747 678 655 692 740 733 627 611 604 600 626 725 876 874 923
948 952 949 952 954 951 942 941 938 932 925 920 919 918 910 908 915 913 916 923 920 915 910 908 904 900 891 878 844 817 801 789 780 770 764 760 777 804 822 834 866 890 933 969 957 938 924 908 883 881 862 846 854 834 814 805 814 804 805 796 786 784 800 824 824 820 803 750 718 705 728 720 759 669 650 636 645 735 714 622 591 595 619 689 854 813 828
948 950 943 944 944 941 937 939 931 923 917 908 907 900 898 900 901 904 907 917 915 912 907 902 901 894 883 871 831 799 789 775 772 770 750 758 767 788 811 829 860 879 915 941 939 924 906 894 878 863 852 842 833 837 824 798 796 796 800 791 781 780 798 822 811 789 795 777 762 704 679 673 733 662 633 628 615 606 677 693 582 580 598 619 783 768 782
950 944 947 943 940 936 938 935 921 914 907 901 889 884 885 891 892 894 900 909 908 902 899 892 888 882 860 849 811 793 784 771 770 761 741 751 761 778 797 803 828 855 884 902 904 901 888 877 865 852 841 834 824 822 818 798 789 791 782 782 776 778 787 808 794 759 727 735 713 699 670 650 642 636 617 615 604 596 599 748 629 594 583 595 706 763 784
947 948 943 940 938 936 931 932 923 914 909 896 886 874 876 881 885 893 896 899 900 896 883 875 870 853 824 809 800 789 778 768 752 740 731 744 754 769 781 791 810 832 853 868 877 872 867 854 849 837 830 829 823 812 803 791 793 785 782 785 776 772 778 804 801 749 716 695 687 679 666 658 636 612 595 595 587 587 575 617 738 615 576 578 617 759 740
950 950 948 943 939 938 936 932 921 912 909 900 881 866 872 879 885 891 896 896 894 894 881 860 858 833 816 801 790 783 769 756 745 728 723 735 740 746 757 773 792 809 824 832 841 843 834 831 830 819 812 812 815 812 800 791 823 793 794 797 796 778 777 790 782 762 735 693 674 664 657 651 646 639 603 591 592 571 572 557 605 640 557 567 588 701 710
953 953 944 942 938 939 933 930 921 918 908 903 887 873 872 878 886 891 897 887 885 884 878 856 830 816 807 801 785 771 761 755 737 711 712 727 731 742 750 762 775 786 794 806 809 809 807 807 804 797 797 796 806 801 795 801 839 810 794 796 805 793 783 784 790 756 709 694 670 660 648 645 633 627 615 600 594 565 554 561 553 580 561 561 571 628 678
951 956 951 941 946 941 935 934 929 922 913 913 898 883 881 882 886 892 890 884 880 881 873 844 828 812 804 793 780 768 761 745 731 704 698 706 710 728 742 751 762 772 779 783 788 789 793 793 789 786 784 782 790 779 782 816 832 822 811 799 796 795 780 777 786 780 748 703 660 651 641 630 623 602 593 593 590 551 544 554 550 558 580 562 567 596 652
959 954 946 947 951 948 943 939 931 925 917 913 906 896 893 903 895 890 893 882 880 873 857 840 826 814 802 791 780 767 760 748 727 702 695 703 703 721 730 740 749 755 760 768 769 766 775 773 774 765 765 767 768 775 797 812 845 846 836 818 808 801 797 789 789 758 730 688 663 650 632 634 626 600 574 560 553 539 537 553 545 574 628 557 561 573 603
958 961 952 956 962 961 955 950 935 935 923 920 904 900 899 895 892 891 886 881 873 859 850 844 830 814 803 790 781 773 759 745 718 709 704 701 708 718 726 739 741 742 749 748 755 751 760 761 758 748 751 754 759 772 801 816 849 859 852 839 833 820 821 819 770 740 693 667 655 643 632 629 618 602 585 566 540 532 547 548 545 563 578 565 554 563 576
967 961 956 964 958 959 952 948 938 928 932 929 908 904 902 898 896 894 891 883 874 862 851 836 828 817 808 798 788 776 758 741 722 716 713 706 709 709 718 729 735 734 742 731 735 749 753 748 745 756 746 747 751 763 761 801 843 862 871 861 855 832 831 827 788 730 683 668 655 646 632 627 620 602 588 571 536 522 530 539 542 546 548 567 548 550 559
972 965 966 968 964 957 954 957 938 936 929 925 911 909 904 902 901 900 891 880 866 862 851 841 829 821 809 797 789 775 761 745 728 725 719 711 713 711 715 726 735 738 742 732 730 739 743 743 741 743 748 756 756 760 761 823 845 864 879 876 855 827 825 804 761 728 681 666 659 646 627 614 615 592 585 565 553 541 537 540 538 536 541 552 556 562 546
981 979 976 972 967 954 947 953 942 937 932 928 916 910 907 906 904 899 892 883 871 868 848 844 835 821 812 799 788 779 769 755 735 731 726 725 727 714 715 723 736 735 734 736 737 735 736 740 743 741 743 763 765 765 762 839 870 893 892 895 900 815 811 805 747 703 680 672 668 645 638 624 620 604 601 569 548 552 550 556 551 543 547 554 559 565 555
994 991 980 979 973 958 948 952 945 939 936 931 929 925 915 911 906 897 900 888 879 867 853 842 835 824 817 806 795 788 776 758 748 745 737 737 723 723 722 723 729 732 731 733 739 740 741 746 751 752 750 760 766 773 774 832 874 904 910 902 911 814 777 774 738 699 682 666 668 656 656 638 627 608 600 567 566 554 568 576 565 550 553 562 555 558 565
998 993 979 977 967 956 954 952 946 942 943 942 936 929 933 920 908 903 897 886 880 869 861 853 843 832 824 806 799 790 784 767 761 753 740 746 740 729 723 729 728 732 730 733 739 740 749 754 765 764 762 763 771 775 771 781 871 916 922 916 922 831 765 739 711 694 680 673 668 654 640 629 630 611 594 584 576 566 593 567 567 564 554 557 547 553 559
1001 994 988 980 978 978 971 963 954 949 950 945 941 938 939 925 916 910 900 893 881 876 865 857 844 835 824 810 800 794 783 765 767 760 750 752 754 748 742 734 734 736 738 741 745 747 755 759 764 767 768 767 770 780 764 783 874 890 912 937 921 824 787 763 720 700 683 682 681 660 642 632 621 610 601 588 579 559 556 565 563 551 550 548 549 560 560
1010 999 996 994 998 991 976 966 965 961 954 953 948 944 938 925 917 907 896 892 878 867 854 846 835 835 826 818 810 803 787 774 769 770 763 755 759 759 755 745 747 746 741 746 788 780 765 772 775 778 774 773 767 763 758 763 801 832 894 941 917 853 837 779 733 702 698 703 694 666 649 630 619 614 602 590 576 573 569 559 556 555 564 554 558 564 570
1018 1011 1013 1008 1007 997 982 986 978 970 961 957 958 948 937 930 922 912 903 891 877 865 859 845 837 820 813 806 804 806 785 784 779 767 761 764 763 762 759 754 752 751 743 750 793 833 816 789 786 786 785 787 776 764 767 766 812 818 909 934 880 816 790 750 729 706 713 703 681 663 647 633 618 612 603 595 579 572 562 545 536 536 559 553 551 554 566
1035 1031 1026 1016 1010 1005 1004 999 984 975 967 963 961 953 946 935 924 919 905 893 879 862 853 853 843 828 815 809 795 795 792 786 780 778 770 767 765 763 760 757 752 750 742 753 777 846 868 866 818 798 798 785 770 760 751 757 821 837 905 923 868 832 784 783 757 726 713 698 672 662 646 629 620 617 602 585 569 572 547 517 511 535 551 548 538 537 552
1040 1039 1029 1027 1024 1016 1005 989 981 981 973 970 961 958 950 940 929 920 908 896 880 861 853 843 833 819 815 804 796 797 796 788 781 777 777 771 768 764 752 757 751 748 752 755 764 820 854 867 882 846 810 795 771 751 739 738 791 833 897 916 882 831 814 789 764 725 714 695 671 658 648 631 617 612 609 595 574 550 535 503 509 515 535 523 526 537 545
1053 1043 1039 1040 1029 1012 1003 994 992 990 978 976 969 958 952 944 930 928 916 899 887 870 851 842 833 820 810 794 795 797 796 801 799 805 789 776 767 760 754 753 749 742 743 750 758 774 806 818 853 888 815 791 766 741 722 729 773 850 899 910 864 819 819 790 753 729 707 696 674 659 649 635 620 612 589 567 552 540 496 485 494 485 515 518 516 529 543
1058 1054 1052 1032 1023 1013 1009 1008 1005 996 994 988 976 966 958 949 937 931 919 900 879 863 851 841 829 817 806 794 796 802 798 801 824 827 792 776 767 750 751 754 747 741 745 751 757 761 767 767 789 858 860 794 758 737 711 704 767 799 910 880 815 796 791 801 763 740 721 700 683 663 650 635 619 590 562 520 525 508 471 454 448 460 494 505 507 520 546
1071 1071 1057 1036 1027 1026 1022 1022 1011 1009 1003 995 988 978 964 954 941 936 924 900 879 861 849 839 833 822 802 799 804 804 796 798 818 820 786 777 769 764 758 757 747 741 742 756 751 753 760 765 762 784 866 875 799 753 722 708 732 776 893 854 827 799 776 776 757 736 726 706 690 670 650 632 619 589 536 504 498 464 440 425 423 445 469 475 488 511 536
1084 1073 1061 1045 1045 1043 1033 1027 1021 1016 1015 1006 994 987 974 964 954 943 927 908 889 865 851 838 825 813 804 802 806 806 794 798 794 799 789 772 768 762 755 762 748 747 745 748 751 750 746 750 746 750 805 866 825 748 718 716 723 809 906 845 812 797 782 759 755 739 729 715 697 674 649 630 612 574 516 488 478 424 405 396 406 416 433 455 474 500 527
1084 1068 1055 1051 1054 1055 1043 1033 1023 1019 1016 1010 1000 989 981 969 954 932 912 902 880 859 852 833 820 810 794 799 798 812 802 789 787 787 783 777 777 773 755 748 751 750 753 743 743 756 751 748 737 740 737 773 818 738 712 716 739 830 907 860 834 806 789 781 769 747 735 720 694 675 651 625 598 553 503 469 446 395 383 378 386 395 416 445 473 497 528
1077 1076 1069 1067 1066 1062 1045 1041 1028 1026 1025 1017 1006 999 989 973 954 935 916 897 876 860 845 831 820 806 790 799 793 796 799 788 783 782 775 770 772 767 761 755 757 751 750 754 750 746 744 745 733 729 731 723 729 735 731 725 756 808 880 859 837 826 802 791 773 757 741 726 707 685 657 626 587 539 502 469 411 371 350 338 351 375 405 443 483 512 538
1097 1092 1082 1084 1072 1058 1057 1052 1040 1035 1031 1022 1018 1009 995 979 957 934 912 897 875 864 840 825 814 801 791 791 788 791 785 779 778 773 769 770 772 770 760 755 754 753 750 749 752 744 740 740 736 729 721 719 723 758 735 729 764 801 893 887 864 841 816 796 789 768 754 739 717 696 669 632 589 549 517 472 418 354 305 312 339 366 400 438 479 509 556
1112 1109 1096 1088 1069 1067 1061 1053 1044 1045 1035 1027 1022 1015 1000 976 952 935 914 901 882 861 841 826 812 807 796 791 785 782 779 776 772 773 771 774 766 761 759 756 752 754 753 762 751 740 736 735 735 731 721 720 716 739 735 755 790 836 891 876 859 839 824 822 804 781 764 751 726 708 683 649 610 577 561 468 406 338 319 311 335 379 420 450 479 515 551
1114 1104 1095 1081 1073 1071 1062 1056 1049 1044 1038 1030 1020 1011 998 977 962 942 919 900 881 860 845 827 816 808 797 790 783 779 782 786 780 778 769 768 767 761 758 754 752 758 757 767 756 750 745 738 733 729 727 718 716 722 743 775 800 839 893 882 871 854 853 831 812 790 768 753 736 714 694 667 634 588 581 506 434 372 361 375 369 411 468 486 502 536 566
1112 1092 1085 1088 1084 1074 1067 1057 1050 1041 1036 1029 1021 1009 998 981 955 943 926 902 886 867 845 827 810 797 797 794 788 781 786 780 788 784 767 768 780 766 763 764 760 760 761 761 756 757 756 749 738 747 742 737 746 748 760 788 837 861 890 895 891 878 865 832 806 786 769 757 743 727 711 689 663 618 576 526 476 435 406 423 447 457 487 529 540 572 605
1116 1098 1091 1092 1083 1078 1071 1064 1054 1044 1041 1032 1026 1011 993 978 960 949 931 914 895 868 849 828 813 802 803 797 790 786 793 791 778 775 766 767 779 766 778 776 777 768 768 767 767 763 783 820 816 788 810 853 760 749 771 803 842 859 878 889 897 891 866 834 808 790 774 761 752 739 726 715 695 651 607 567 536 512 489 476 502 520 538 568 579 591 626
1128 1111 1107 1098 1089 1083 1067 1060 1052 1044 1039 1035 1025 1008 995 979 965 947 941 927 898 873 857 840 816 806 802 797 793 797 796 789 791 786 774 775 773 768 785 784 779 771 772 775 780 775 828 866 860 862 845 800 760 767 779 807 853 878 888 885 894 886 858 830 805 788 772 761 755 747 738 728 708 673 641 617 593 577 568 552 552 557 573 591 595 625 641
1132 1128 1120 1108 1100 1084 1069 1059 1051 1040 1035 1024 1019 1013 1001 982 967 954 938 922 907 873 863 846 829 819 809 804 799 799 809 801 789 778 779 784 780 776 780 787 777 783 789 779 784 796 842 873 873 847 797 769 768 781 805 835 866 894 903 895 891 878 853 822 796 785 777 766 755 753 744 736 719 698 677 657 637 616 635 616 598 604 615 623 627 653 666
1147 1132 1127 1112 1099 1087 1074 1069 1061 1054 1044 1019 1011 1001 990 980 969 958 937 926 909 878 863 854 846 828 817 807 801 797 797 789 787 791 786 779 796 807 790 780 794 793 784 783 783 803 843 871 849 824 794 787 790 806 847 875 883 907 900 883 878 869 850 813 792 779 768 763 756 757 751 742 733 722 703 678 652 654 668 643 634 630 650 652 661 676 695
