exemple_data/Mbahiensis/Layers_1/bio_12.asc
ncols         264
nrows         360
xllcorner     -45
yllcorner     -17
cellsize      0.041666666666667
NODATA_value  -9999
[rows 273 to 311 of 360, columns 87 to 173 of 264]
1002 1000 986 995 843 795 771 762 745 725 686 658 661 631 620 614 600 592 602 665 723 722 727 739 722 678 674 706 714 750 771 796 817 882 921 957 1002 1043 1107 1160 1199 1233 1275 1304 1334 1353 1442 1549 1619 1691 1755 1820 1895 1970 2039 2047 2107 2107 2073 2024 1.#QNAN 1.#QNAN 1.#QNAN 1.#QNAN 1.#QNAN 1.#QNAN 1.#QNAN 1.#QNAN 1.#QNAN 1.#QNAN 1.#QNAN 1.#QNAN 1.#QNAN 1.#QNAN 1.#QNAN 1.#QNAN 1.#QNAN 1.#QNAN 1.#QNAN 1.#QNAN 1.#QNAN 1.#QNAN 1.#QNAN 1.#QNAN 1.#QNAN 1.#QNAN 1.#QNAN
1005 1029 954 1013 866 788 776 767 763 721 670 654 637 623 615 604 589 584 580 645 691 694 733 725 711 679 687 744 752 747 782 812 847 898 944 984 1023 1077 1141 1195 1243 1284 1331 1366 1396 1410 1492 1584 1649 1718 1779 1851 1918 1985 2033 2048 2130 2137 2109 2063 1.#QNAN 1.#QNAN 1.#QNAN 1.#QNAN 1.#QNAN 1.#QNAN 1.#QNAN 1.#QNAN 1.#QNAN 1.#QNAN 1.#QNAN 1.#QNAN 1.#QNAN 1.#QNAN 1.#QNAN 1.#QNAN 1.#QNAN 1.#QNAN 1.#QNAN 1.#QNAN 1.#QNAN 1.#QNAN 1.#QNAN 1.#QNAN 1.#QNAN 1.#QNAN 1.#QNAN
1007 1021 885 949 885 756 775 760 754 683 665 648 626 614 612 594 587 577 576 624 666 684 732 729 706 702 712 717 747 752 778 824 865 907 963 1007 1069 1119 1169 1229 1284 1331 1385 1419 1419 1444 1511 1591 1667 1731 1795 1862 1932 1988 2016 2062 2126 2141 2136 2079 1.#QNAN 1.#QNAN 1.#QNAN 1.#QNAN 1.#QNAN 1.#QNAN 1.#QNAN 1.#QNAN 1.#QNAN 1.#QNAN 1.#QNAN 1.#QNAN 1.#QNAN 1.#QNAN 1.#QNAN 1.#QNAN 1.#QNAN 1.#QNAN 1.#QNAN 1.#QNAN 1.#QNAN 1.#QNAN 1.#QNAN 1.#QNAN 1.#QNAN 1.#QNAN 1.#QNAN
996 998 882 807 894 768 755 747 733 663 647 631 614 604 602 593 579 566 603 641 650 672 713 702 697 715 707 703 731 764 804 849 891 936 980 1043 1105 1160 1224 1278 1318 1381 1420 1436 1443 1460 1520 1594 1684 1744 1807 1876 1939 1981 2004 2069 2111 2136 2135 1.#QNAN 1.#QNAN 1.#QNAN 1.#QNAN 1.#QNAN 1.#QNAN 1.#QNAN 1.#QNAN 1.#QNAN 1.#QNAN 1.#QNAN 1.#QNAN 1.#QNAN 1.#QNAN 1.#QNAN 1.#QNAN 1.#QNAN 1.#QNAN 1.#QNAN 1.#QNAN 1.#QNAN 1.#QNAN 1.#QNAN 1.#QNAN 1.#QNAN 1.#QNAN 1.#QNAN 1.#QNAN
984 986 915 785 808 873 727 700 692 653 653 619 603 594 600 585 569 570 595 621 622 641 679 677 666 696 719 715 734 772 818 864 904 946 1002 1072 1134 1191 1248 1332 1409 1402 1379 1408 1444 1478 1525 1599 1682 1752 1810 1877 1940 1973 2006 2073 2120 2141 2141 1.#QNAN 1.#QNAN 1.#QNAN 1.#QNAN 1.#QNAN 1.#QNAN 1.#QNAN 1.#QNAN 1.#QNAN 1.#QNAN 1.#QNAN 1.#QNAN 1.#QNAN 1.#QNAN 1.#QNAN 1.#QNAN 1.#QNAN 1.#QNAN 1.#QNAN 1.#QNAN 1.#QNAN 1.#QNAN 1.#QNAN 1.#QNAN 1.#QNAN 1.#QNAN 1.#QNAN 1.#QNAN
937 925 892 789 732 740 695 648 655 672 639 618 592 587 581 565 564 572 619 589 611 632 675 655 650 675 713 723 739 777 831 881 939 959 1021 1099 1153 1247 1306 1394 1448 1445 1431 1449 1462 1480 1521 1591 1684 1758 1819 1881 1936 1984 2008 2072 2119 2146 2145 2142 1.#QNAN 1.#QNAN 1.#QNAN 1.#QNAN 1.#QNAN 1.#QNAN 1.#QNAN 1.#QNAN 1.#QNAN 1.#QNAN 1.#QNAN 1.#QNAN 1.#QNAN 1.#QNAN 1.#QNAN 1.#QNAN 1.#QNAN 1.#QNAN 1.#QNAN 1.#QNAN 1.#QNAN 1.#QNAN 1.#QNAN 1.#QNAN 1.#QNAN 1.#QNAN 1.#QNAN
877 887 827 777 750 695 687 668 627 656 648 606 572 564 556 549 557 582 601 591 598 640 644 663 650 660 701 735 757 767 817 898 947 981 1043 1114 1176 1293 1433 1466 1442 1457 1460 1470 1466 1486 1514 1581 1670 1760 1818 1886 1945 1991 2025 2093 2134 2141 2160 2160 1.#QNAN 1.#QNAN 1.#QNAN 1.#QNAN 1.#QNAN 1.#QNAN 1.#QNAN 1.#QNAN 1.#QNAN 1.#QNAN 1.#QNAN 1.#QNAN 1.#QNAN 1.#QNAN 1.#QNAN 1.#QNAN 1.#QNAN 1.#QNAN 1.#QNAN 1.#QNAN 1.#QNAN 1.#QNAN 1.#QNAN 1.#QNAN 1.#QNAN 1.#QNAN 1.#QNAN
837 880 862 775 726 676 637 631 610 614 650 591 562 546 533 541 543 582 591 559 583 646 639 647 674 676 684 724 768 777 807 893 968 1005 1070 1125 1235 1375 1517 1493 1491 1475 1458 1469 1473 1477 1538 1602 1667 1751 1827 1907 1969 2010 2060 2121 2149 2131 1.#QNAN 2173 1.#QNAN 1.#QNAN 1.#QNAN 1.#QNAN 1.#QNAN 1.#QNAN 1.#QNAN 1.#QNAN 1.#QNAN 1.#QNAN 1.#QNAN 1.#QNAN 1.#QNAN 1.#QNAN 1.#QNAN 1.#QNAN 1.#QNAN 1.#QNAN 1.#QNAN 1.#QNAN 1.#QNAN 1.#QNAN 1.#QNAN 1.#QNAN 1.#QNAN 1.#QNAN 1.#QNAN
825 791 816 773 719 633 617 608 602 608 593 576 562 544 537 522 533 576 594 562 570 635 640 627 655 689 708 685 729 790 801 883 963 1017 1104 1141 1315 1490 1548 1514 1530 1542 1496 1474 1491 1488 1590 1614 1683 1770 1848 1931 1988 2028 2083 2139 2159 2129 1.#QNAN 1.#QNAN 1.#QNAN 1.#QNAN 1.#QNAN 1.#QNAN 1.#QNAN 1.#QNAN 1.#QNAN 1.#QNAN 1.#QNAN 1.#QNAN 1.#QNAN 1.#QNAN 1.#QNAN 1.#QNAN 1.#QNAN 1.#QNAN 1.#QNAN 1.#QNAN 1.#QNAN 1.#QNAN 1.#QNAN 1.#QNAN 1.#QNAN 1.#QNAN 1.#QNAN 1.#QNAN 1.#QNAN
671 674 771 788 683 623 608 603 592 593 577 566 545 530 528 516 535 564 560 563 556 627 631 615 650 662 705 702 692 749 783 860 965 1036 1138 1152 1362 1472 1560 1567 1565 1574 1554 1509 1490 1561 1615 1631 1721 1799 1870 1945 2017 2069 2131 2172 2186 1.#QNAN 1.#QNAN 1.#QNAN 1.#QNAN 1.#QNAN 1.#QNAN 1.#QNAN 1.#QNAN 1.#QNAN 1.#QNAN 1.#QNAN 1.#QNAN 1.#QNAN 1.#QNAN 1.#QNAN 1.#QNAN 1.#QNAN 1.#QNAN 1.#QNAN 1.#QNAN 1.#QNAN 1.#QNAN 1.#QNAN 1.#QNAN 1.#QNAN 1.#QNAN 1.#QNAN 1.#QNAN 1.#QNAN 1.#QNAN
682 620 689 760 719 628 612 613 596 585 572 544 542 511 500 504 511 538 551 554 538 553 586 584 609 645 644 663 723 726 739 822 949 1033 1127 1197 1350 1478 1533 1583 1556 1576 1570 1544 1546 1612 1622 1662 1755 1818 1885 1963 2047 2124 2175 2193 2204 2191 1.#QNAN 1.#QNAN 1.#QNAN 1.#QNAN 1.#QNAN 1.#QNAN 1.#QNAN 1.#QNAN 1.#QNAN 1.#QNAN 1.#QNAN 1.#QNAN 1.#QNAN 1.#QNAN 1.#QNAN 1.#QNAN 1.#QNAN 1.#QNAN 1.#QNAN 1.#QNAN 1.#QNAN 1.#QNAN 1.#QNAN 1.#QNAN 1.#QNAN 1.#QNAN 1.#QNAN 1.#QNAN 1.#QNAN
700 617 632 694 714 630 613 606 621 583 555 534 534 513 512 520 512 505 527 523 527 526 533 537 550 562 574 614 641 670 692 781 912 1025 1075 1249 1340 1404 1512 1562 1552 1572 1557 1596 1606 1634 1668 1712 1757 1823 1896 1986 2073 2150 2215 2236 2240 2221 1.#QNAN 1.#QNAN 1.#QNAN 1.#QNAN 1.#QNAN 1.#QNAN 1.#QNAN 1.#QNAN 1.#QNAN 1.#QNAN 1.#QNAN 1.#QNAN 1.#QNAN 1.#QNAN 1.#QNAN 1.#QNAN 1.#QNAN 1.#QNAN 1.#QNAN 1.#QNAN 1.#QNAN 1.#QNAN 1.#QNAN 1.#QNAN 1.#QNAN 1.#QNAN 1.#QNAN 1.#QNAN 1.#QNAN
716 625 617 663 699 635 613 607 614 592 557 562 562 535 538 540 536 523 526 527 525 538 553 571 583 623 598 620 636 694 752 779 885 1008 1077 1206 1305 1373 1464 1539 1487 1526 1551 1609 1625 1655 1705 1719 1771 1827 1896 1994 2082 2181 2247 2263 2278 2344 2319 1.#QNAN 1.#QNAN 1.#QNAN 1.#QNAN 1.#QNAN 1.#QNAN 1.#QNAN 1.#QNAN 1.#QNAN 1.#QNAN 1.#QNAN 1.#QNAN 1.#QNAN 1.#QNAN 1.#QNAN 1.#QNAN 1.#QNAN 1.#QNAN 1.#QNAN 1.#QNAN 1.#QNAN 1.#QNAN 1.#QNAN 1.#QNAN 1.#QNAN 1.#QNAN 1.#QNAN 1.#QNAN
656 635 609 659 645 621 615 609 619 610 592 584 580 563 569 558 546 547 553 561 561 571 591 586 601 621 598 607 668 704 792 829 898 1010 1090 1190 1262 1324 1433 1473 1505 1450 1552 1572 1601 1637 1691 1703 1773 1841 1902 1988 2086 2198 2283 2293 2326 2355 2333 1.#QNAN 1.#QNAN 1.#QNAN 1.#QNAN 1.#QNAN 1.#QNAN 1.#QNAN 1.#QNAN 1.#QNAN 1.#QNAN 1.#QNAN 1.#QNAN 1.#QNAN 1.#QNAN 1.#QNAN 1.#QNAN 1.#QNAN 1.#QNAN 1.#QNAN 1.#QNAN 1.#QNAN 1.#QNAN 1.#QNAN 1.#QNAN 1.#QNAN 1.#QNAN 1.#QNAN 1.#QNAN
602 606 606 614 619 623 619 617 616 614 605 589 576 571 575 572 571 581 562 575 577 569 593 618 606 628 613 611 635 679 738 812 914 1012 1120 1184 1250 1315 1386 1441 1449 1432 1557 1560 1576 1599 1632 1658 1752 1824 1899 1971 2078 2188 2277 2310 2323 2332 2305 1.#QNAN 1.#QNAN 1.#QNAN 1.#QNAN 1.#QNAN 1.#QNAN 1.#QNAN 1.#QNAN 1.#QNAN 1.#QNAN 1.#QNAN 1.#QNAN 1.#QNAN 1.#QNAN 1.#QNAN 1.#QNAN 1.#QNAN 1.#QNAN 1.#QNAN 1.#QNAN 1.#QNAN 1.#QNAN 1.#QNAN 1.#QNAN 1.#QNAN 1.#QNAN 1.#QNAN 1.#QNAN
598 594 606 630 626 631 630 627 628 621 599 582 577 570 573 581 584 587 577 585 579 581 604 628 612 609 620 614 654 702 750 827 911 1010 1119 1200 1237 1294 1367 1418 1376 1416 1494 1540 1587 1601 1586 1629 1709 1802 1901 1965 2055 2149 2240 2306 2326 2325 2292 1.#QNAN 1.#QNAN 1.#QNAN 1.#QNAN 1.#QNAN 1.#QNAN 1.#QNAN 1.#QNAN 1.#QNAN 1.#QNAN 1.#QNAN 1.#QNAN 1.#QNAN 1.#QNAN 1.#QNAN 1.#QNAN 1.#QNAN 1.#QNAN 1.#QNAN 1.#QNAN 1.#QNAN 1.#QNAN 1.#QNAN 1.#QNAN 1.#QNAN 1.#QNAN 1.#QNAN 1.#QNAN
582 588 601 617 617 631 627 626 625 624 615 602 583 568 571 584 581 585 584 593 585 594 620 639 631 638 637 630 674 706 768 845 923 1037 1168 1221 1250 1257 1333 1342 1336 1381 1430 1456 1551 1577 1575 1593 1667 1770 1880 1947 2040 2124 2216 2280 2316 2312 2283 1.#QNAN 1.#QNAN 1.#QNAN 1.#QNAN 1.#QNAN 1.#QNAN 1.#QNAN 1.#QNAN 1.#QNAN 1.#QNAN 1.#QNAN 1.#QNAN 1.#QNAN 1.#QNAN 1.#QNAN 1.#QNAN 1.#QNAN 1.#QNAN 1.#QNAN 1.#QNAN 1.#QNAN 1.#QNAN 1.#QNAN 1.#QNAN 1.#QNAN 1.#QNAN 1.#QNAN 1.#QNAN
577 587 597 606 599 614 615 613 629 624 629 606 587 590 589 586 589 586 582 588 588 605 608 625 628 618 627 643 687 740 783 854 930 1045 1149 1212 1236 1245 1270 1293 1315 1335 1393 1407 1509 1531 1594 1575 1626 1731 1845 1923 2027 2108 2193 2256 2305 2294 1.#QNAN 1.#QNAN 1.#QNAN 1.#QNAN 1.#QNAN 1.#QNAN 1.#QNAN 1.#QNAN 1.#QNAN 1.#QNAN 1.#QNAN 1.#QNAN 1.#QNAN 1.#QNAN 1.#QNAN 1.#QNAN 1.#QNAN 1.#QNAN 1.#QNAN 1.#QNAN 1.#QNAN 1.#QNAN 1.#QNAN 1.#QNAN 1.#QNAN 1.#QNAN 1.#QNAN 1.#QNAN 1.#QNAN
588 594 597 591 595 604 616 609 602 615 616 601 592 594 596 585 581 584 585 589 599 605 610 623 628 637 643 660 683 750 787 853 953 1046 1117 1169 1205 1244 1251 1260 1266 1303 1321 1373 1426 1492 1569 1520 1589 1700 1800 1895 1990 2066 2159 2255 2297 2278 1.#QNAN 1.#QNAN 1.#QNAN 1.#QNAN 1.#QNAN 1.#QNAN 1.#QNAN 1.#QNAN 1.#QNAN 1.#QNAN 1.#QNAN 1.#QNAN 1.#QNAN 1.#QNAN 1.#QNAN 1.#QNAN 1.#QNAN 1.#QNAN 1.#QNAN 1.#QNAN 1.#QNAN 1.#QNAN 1.#QNAN 1.#QNAN 1.#QNAN 1.#QNAN 1.#QNAN 1.#QNAN 1.#QNAN
591 579 581 598 616 609 615 605 588 604 605 594 595 596 597 592 584 583 587 592 593 601 611 620 624 631 648 674 708 752 793 857 933 1026 1097 1138 1180 1203 1231 1241 1219 1248 1262 1308 1324 1403 1455 1464 1540 1661 1737 1868 1944 2024 2128 2226 2278 2268 1.#QNAN 1.#QNAN 1.#QNAN 1.#QNAN 1.#QNAN 1.#QNAN 1.#QNAN 1.#QNAN 1.#QNAN 1.#QNAN 1.#QNAN 1.#QNAN 1.#QNAN 1.#QNAN 1.#QNAN 1.#QNAN 1.#QNAN 1.#QNAN 1.#QNAN 1.#QNAN 1.#QNAN 1.#QNAN 1.#QNAN 1.#QNAN 1.#QNAN 1.#QNAN 1.#QNAN 1.#QNAN 1.#QNAN
589 604 607 613 618 614 610 587 582 583 594 579 579 587 606 592 581 578 585 593 586 594 610 622 632 635 654 678 717 746 796 858 930 1018 1071 1114 1150 1175 1195 1211 1219 1218 1231 1240 1250 1292 1351 1401 1482 1585 1683 1823 1900 1983 2086 2185 2247 2242 1.#QNAN 1.#QNAN 1.#QNAN 1.#QNAN 1.#QNAN 1.#QNAN 1.#QNAN 1.#QNAN 1.#QNAN 1.#QNAN 1.#QNAN 1.#QNAN 1.#QNAN 1.#QNAN 1.#QNAN 1.#QNAN 1.#QNAN 1.#QNAN 1.#QNAN 1.#QNAN 1.#QNAN 1.#QNAN 1.#QNAN 1.#QNAN 1.#QNAN 1.#QNAN 1.#QNAN 1.#QNAN 1.#QNAN
609 603 621 625 627 604 591 584 589 589 578 577 581 583 599 589 579 581 589 584 591 595 604 622 633 648 651 670 708 743 810 866 935 1000 1047 1085 1121 1147 1174 1193 1194 1197 1228 1256 1238 1249 1281 1358 1438 1508 1627 1771 1863 1952 2053 2150 2208 2214 1.#QNAN 1.#QNAN 1.#QNAN 1.#QNAN 1.#QNAN 1.#QNAN 1.#QNAN 1.#QNAN 1.#QNAN 1.#QNAN 1.#QNAN 1.#QNAN 1.#QNAN 1.#QNAN 1.#QNAN 1.#QNAN 1.#QNAN 1.#QNAN 1.#QNAN 1.#QNAN 1.#QNAN 1.#QNAN 1.#QNAN 1.#QNAN 1.#QNAN 1.#QNAN 1.#QNAN 1.#QNAN 1.#QNAN
600 618 619 625 626 616 608 594 593 592 578 582 586 586 594 579 584 584 580 578 589 601 610 615 627 654 641 661 700 738 799 856 929 987 1027 1059 1092 1127 1168 1172 1165 1184 1196 1186 1217 1209 1245 1321 1407 1465 1585 1731 1829 1921 2024 2113 2141 2151 1.#QNAN 1.#QNAN 1.#QNAN 1.#QNAN 1.#QNAN 1.#QNAN 1.#QNAN 1.#QNAN 1.#QNAN 1.#QNAN 1.#QNAN 1.#QNAN 1.#QNAN 1.#QNAN 1.#QNAN 1.#QNAN 1.#QNAN 1.#QNAN 1.#QNAN 1.#QNAN 1.#QNAN 1.#QNAN 1.#QNAN 1.#QNAN 1.#QNAN 1.#QNAN 1.#QNAN 1.#QNAN 1.#QNAN
603 615 602 616 615 613 618 603 607 591 588 588 587 586 602 578 591 582 575 574 587 585 590 610 635 647 646 665 690 746 796 855 930 978 1014 1045 1072 1105 1126 1137 1155 1206 1205 1164 1171 1192 1240 1325 1418 1465 1621 1676 1773 1889 2002 2070 2092 1.#QNAN 1.#QNAN 1.#QNAN 1.#QNAN 1.#QNAN 1.#QNAN 1.#QNAN 1.#QNAN 1.#QNAN 1.#QNAN 1.#QNAN 1.#QNAN 1.#QNAN 1.#QNAN 1.#QNAN 1.#QNAN 1.#QNAN 1.#QNAN 1.#QNAN 1.#QNAN 1.#QNAN 1.#QNAN 1.#QNAN 1.#QNAN 1.#QNAN 1.#QNAN 1.#QNAN 1.#QNAN 1.#QNAN 1.#QNAN
583 601 593 609 617 617 618 611 606 594 590 592 591 591 603 585 574 574 573 574 574 585 597 619 630 619 623 650 685 764 812 867 926 975 1006 1037 1055 1102 1127 1136 1160 1217 1242 1170 1235 1202 1265 1336 1419 1489 1617 1677 1762 1873 1975 2028 2036 1.#QNAN 1.#QNAN 1.#QNAN 1.#QNAN 1.#QNAN 1.#QNAN 1.#QNAN 1.#QNAN 1.#QNAN 1.#QNAN 1.#QNAN 1.#QNAN 1.#QNAN 1.#QNAN 1.#QNAN 1.#QNAN 1.#QNAN 1.#QNAN 1.#QNAN 1.#QNAN 1.#QNAN 1.#QNAN 1.#QNAN 1.#QNAN 1.#QNAN 1.#QNAN 1.#QNAN 1.#QNAN 1.#QNAN 1.#QNAN
575 591 597 616 622 620 622 619 616 606 598 599 594 597 600 593 579 573 572 569 572 581 587 608 613 592 619 650 696 751 798 889 938 975 1008 1030 1048 1099 1118 1130 1156 1252 1180 1174 1217 1244 1335 1408 1401 1515 1694 1669 1746 1868 1950 1975 1978 1.#QNAN 1.#QNAN 1.#QNAN 1.#QNAN 1.#QNAN 1.#QNAN 1.#QNAN 1.#QNAN 1.#QNAN 1.#QNAN 1.#QNAN 1.#QNAN 1.#QNAN 1.#QNAN 1.#QNAN 1.#QNAN 1.#QNAN 1.#QNAN 1.#QNAN 1.#QNAN 1.#QNAN 1.#QNAN 1.#QNAN 1.#QNAN 1.#QNAN 1.#QNAN 1.#QNAN 1.#QNAN 1.#QNAN 1.#QNAN
573 589 609 618 627 627 629 627 623 615 605 606 603 600 606 596 585 581 572 564 559 564 566 575 575 586 615 650 706 777 813 897 939 983 1004 1029 1047 1085 1133 1112 1161 1242 1210 1185 1197 1332 1503 1408 1422 1583 1654 1670 1757 1888 1967 1949 1927 1.#QNAN 1.#QNAN 1.#QNAN 1.#QNAN 1.#QNAN 1.#QNAN 1.#QNAN 1.#QNAN 1.#QNAN 1.#QNAN 1.#QNAN 1.#QNAN 1.#QNAN 1.#QNAN 1.#QNAN 1.#QNAN 1.#QNAN 1.#QNAN 1.#QNAN 1.#QNAN 1.#QNAN 1.#QNAN 1.#QNAN 1.#QNAN 1.#QNAN 1.#QNAN 1.#QNAN 1.#QNAN 1.#QNAN 1.#QNAN
575 590 607 626 629 638 636 634 631 623 614 616 610 604 605 600 590 581 587 569 567 563 564 561 572 585 648 664 731 768 827 914 948 983 1012 1031 1044 1078 1117 1109 1195 1185 1159 1253 1241 1337 1476 1416 1448 1609 1651 1692 1786 1881 1928 1902 1893 1.#QNAN 1.#QNAN 1.#QNAN 1.#QNAN 1.#QNAN 1.#QNAN 1.#QNAN 1.#QNAN 1.#QNAN 1.#QNAN 1.#QNAN 1.#QNAN 1.#QNAN 1.#QNAN 1.#QNAN 1.#QNAN 1.#QNAN 1.#QNAN 1.#QNAN 1.#QNAN 1.#QNAN 1.#QNAN 1.#QNAN 1.#QNAN 1.#QNAN 1.#QNAN 1.#QNAN 1.#QNAN 1.#QNAN 1.#QNAN
561 573 601 616 625 649 647 640 639 634 622 622 620 609 608 609 599 588 590 583 580 570 569 574 588 618 670 687 741 781 837 927 947 977 1019 1030 1044 1082 1102 1104 1195 1158 1222 1251 1265 1301 1455 1426 1442 1565 1616 1687 1760 1826 1888 1878 1.#QNAN 1.#QNAN 1.#QNAN 1.#QNAN 1.#QNAN 1.#QNAN 1.#QNAN 1.#QNAN 1.#QNAN 1.#QNAN 1.#QNAN 1.#QNAN 1.#QNAN 1.#QNAN 1.#QNAN 1.#QNAN 1.#QNAN 1.#QNAN 1.#QNAN 1.#QNAN 1.#QNAN 1.#QNAN 1.#QNAN 1.#QNAN 1.#QNAN 1.#QNAN 1.#QNAN 1.#QNAN 1.#QNAN 1.#QNAN 1.#QNAN
556 581 616 638 643 643 661 647 645 643 636 631 632 626 622 616 606 591 589 581 582 575 587 593 620 652 673 719 765 799 873 921 958 970 1005 1025 1036 1077 1101 1118 1203 1183 1270 1240 1232 1367 1439 1400 1441 1569 1618 1681 1728 1781 1862 1849 1.#QNAN 1.#QNAN 1.#QNAN 1.#QNAN 1.#QNAN 1.#QNAN 1.#QNAN 1.#QNAN 1.#QNAN 1.#QNAN 1.#QNAN 1.#QNAN 1.#QNAN 1.#QNAN 1.#QNAN 1.#QNAN 1.#QNAN 1.#QNAN 1.#QNAN 1.#QNAN 1.#QNAN 1.#QNAN 1.#QNAN 1.#QNAN 1.#QNAN 1.#QNAN 1.#QNAN 1.#QNAN 1.#QNAN 1.#QNAN 1.#QNAN
581 611 624 643 647 660 654 655 653 659 653 645 643 640 630 627 618 614 603 598 588 586 599 615 648 671 693 736 783 802 869 940 948 974 1009 1021 1033 1066 1102 1139 1205 1240 1269 1233 1222 1379 1406 1391 1427 1541 1594 1662 1722 1773 1819 1825 1.#QNAN 1.#QNAN 1.#QNAN 1.#QNAN 1.#QNAN 1.#QNAN 1.#QNAN 1.#QNAN 1.#QNAN 1.#QNAN 1.#QNAN 1.#QNAN 1.#QNAN 1.#QNAN 1.#QNAN 1.#QNAN 1.#QNAN 1.#QNAN 1.#QNAN 1.#QNAN 1.#QNAN 1.#QNAN 1.#QNAN 1.#QNAN 1.#QNAN 1.#QNAN 1.#QNAN 1.#QNAN 1.#QNAN 1.#QNAN 1.#QNAN
595 619 639 640 659 667 667 664 667 669 664 661 656 654 650 647 635 633 631 618 617 613 619 639 670 693 719 754 812 818 894 939 949 988 1006 1020 1032 1048 1093 1161 1199 1222 1302 1278 1327 1345 1345 1356 1464 1525 1579 1671 1750 1794 1835 1821 1.#QNAN 1.#QNAN 1.#QNAN 1.#QNAN 1.#QNAN 1.#QNAN 1.#QNAN 1.#QNAN 1.#QNAN 1.#QNAN 1.#QNAN 1.#QNAN 1.#QNAN 1.#QNAN 1.#QNAN 1.#QNAN 1.#QNAN 1.#QNAN 1.#QNAN 1.#QNAN 1.#QNAN 1.#QNAN 1.#QNAN 1.#QNAN 1.#QNAN 1.#QNAN 1.#QNAN 1.#QNAN 1.#QNAN 1.#QNAN 1.#QNAN
595 630 645 644 664 668 674 680 682 683 680 675 675 675 674 670 658 649 651 642 640 635 644 664 684 713 742 794 808 870 921 942 958 985 995 1018 1035 1052 1081 1161 1219 1226 1256 1255 1364 1286 1390 1343 1410 1511 1611 1687 1757 1816 1861 1845 1.#QNAN 1.#QNAN 1.#QNAN 1.#QNAN 1.#QNAN 1.#QNAN 1.#QNAN 1.#QNAN 1.#QNAN 1.#QNAN 1.#QNAN 1.#QNAN 1.#QNAN 1.#QNAN 1.#QNAN 1.#QNAN 1.#QNAN 1.#QNAN 1.#QNAN 1.#QNAN 1.#QNAN 1.#QNAN 1.#QNAN 1.#QNAN 1.#QNAN 1.#QNAN 1.#QNAN 1.#QNAN 1.#QNAN 1.#QNAN 1.#QNAN
621 652 664 673 678 690 689 696 700 704 701 698 702 697 694 688 680 671 669 659 662 672 675 692 715 738 754 810 838 892 934 947 956 979 993 1008 1039 1050 1081 1127 1197 1254 1263 1300 1293 1347 1352 1341 1426 1504 1590 1650 1729 1816 1869 1876 1902 1.#QNAN 1.#QNAN 1.#QNAN 1.#QNAN 1.#QNAN 1.#QNAN 1.#QNAN 1.#QNAN 1.#QNAN 1.#QNAN 1.#QNAN 1.#QNAN 1.#QNAN 1.#QNAN 1.#QNAN 1.#QNAN 1.#QNAN 1.#QNAN 1.#QNAN 1.#QNAN 1.#QNAN 1.#QNAN 1.#QNAN 1.#QNAN 1.#QNAN 1.#QNAN 1.#QNAN 1.#QNAN 1.#QNAN 1.#QNAN
641 656 670 677 688 698 700 716 722 734 728 722 730 728 718 711 700 688 685 682 688 695 708 726 742 757 780 827 893 909 942 948 956 981 989 1014 1035 1036 1067 1105 1114 1182 1225 1312 1262 1260 1293 1340 1410 1495 1594 1637 1731 1788 1870 1884 1881 1.#QNAN 1.#QNAN 1.#QNAN 1.#QNAN 1.#QNAN 1.#QNAN 1.#QNAN 1.#QNAN 1.#QNAN 1.#QNAN 1.#QNAN 1.#QNAN 1.#QNAN 1.#QNAN 1.#QNAN 1.#QNAN 1.#QNAN 1.#QNAN 1.#QNAN 1.#QNAN 1.#QNAN 1.#QNAN 1.#QNAN 1.#QNAN 1.#QNAN 1.#QNAN 1.#QNAN 1.#QNAN 1.#QNAN 1.#QNAN
651 660 684 688 699 705 706 730 732 746 756 757 743 751 737 727 719 711 709 709 710 717 740 761 787 784 804 846 898 928 949 923 957 978 986 1001 1027 1031 1060 1080 1088 1117 1136 1148 1200 1248 1284 1349 1394 1490 1592 1664 1738 1798 1864 1882 1854 1.#QNAN 1.#QNAN 1.#QNAN 1.#QNAN 1.#QNAN 1.#QNAN 1.#QNAN 1.#QNAN 1.#QNAN 1.#QNAN 1.#QNAN 1.#QNAN 1.#QNAN 1.#QNAN 1.#QNAN 1.#QNAN 1.#QNAN 1.#QNAN 1.#QNAN 1.#QNAN 1.#QNAN 1.#QNAN 1.#QNAN 1.#QNAN 1.#QNAN 1.#QNAN 1.#QNAN 1.#QNAN 1.#QNAN 1.#QNAN
666 682 698 703 714 718 724 729 739 765 776 776 779 770 754 747 735 732 735 736 737 752 771 844 831 820 845 846 917 925 942 928 954 967 975 989 1012 1024 1058 1093 1116 1141 1161 1195 1203 1226 1275 1336 1421 1495 1576 1651 1715 1773 1849 1870 1843 1.#QNAN 1.#QNAN 1.#QNAN 1.#QNAN 1.#QNAN 1.#QNAN 1.#QNAN 1.#QNAN 1.#QNAN 1.#QNAN 1.#QNAN 1.#QNAN 1.#QNAN 1.#QNAN 1.#QNAN 1.#QNAN 1.#QNAN 1.#QNAN 1.#QNAN 1.#QNAN 1.#QNAN 1.#QNAN 1.#QNAN 1.#QNAN 1.#QNAN 1.#QNAN 1.#QNAN 1.#QNAN 1.#QNAN 1.#QNAN
690 703 712 720 727 728 736 743 757 784 796 793 790 782 773 773 761 759 756 763 766 777 825 911 894 878 849 868 906 899 941 939 946 959 962 974 998 1010 1054 1092 1150 1126 1148 1168 1197 1245 1317 1355 1474 1509 1554 1624 1697 1764 1832 1854 1835 1.#QNAN 1.#QNAN 1.#QNAN 1.#QNAN 1.#QNAN 1.#QNAN 1.#QNAN 1.#QNAN 1.#QNAN 1.#QNAN 1.#QNAN 1.#QNAN 1.#QNAN 1.#QNAN 1.#QNAN 1.#QNAN 1.#QNAN 1.#QNAN 1.#QNAN 1.#QNAN 1.#QNAN 1.#QNAN 1.#QNAN 1.#QNAN 1.#QNAN 1.#QNAN 1.#QNAN 1.#QNAN 1.#QNAN 1.#QNAN
713 724 732 738 760 767 779 777 801 810 812 808 802 798 792 792 790 782 781 787 803 830 887 932 937 899 891 896 882 884 918 927 937 950 949 964 980 991 1038 1078 1122 1116 1122 1161 1223 1281 1326 1355 1452 1491 1555 1614 1679 1750 1813 1840 1820 1.#QNAN 1.#QNAN 1.#QNAN 1.#QNAN 1.#QNAN 1.#QNAN 1.#QNAN 1.#QNAN 1.#QNAN 1.#QNAN 1.#QNAN 1.#QNAN 1.#QNAN 1.#QNAN 1.#QNAN 1.#QNAN 1.#QNAN 1.#QNAN 1.#QNAN 1.#QNAN 1.#QNAN 1.#QNAN 1.#QNAN 1.#QNAN 1.#QNAN 1.#QNAN 1.#QNAN 1.#QNAN 1.#QNAN 1.#QNAN
