exemple_data/Mbahiensis/Layers_1/bio_12.asc
ncols         264
nrows         360
xllcorner     -45
yllcorner     -17
cellsize      0.041666666666667
NODATA_value  -9999
[rows 117 to 155 of 360, columns 87 to 173 of 264]
813 801 806 794 770 761 787 787 767 769 754 749 748 755 764 775 757 763 753 736 714 678 675 671 675 694 710 724 750 781 790 786 794 807 827 836 883 954 980 999 1029 1066 1098 1091 1116 1158 1186 1222 1246 1269 1276 1268 1241 1217 1182 1157 1127 1093 1086 1062 1037 1024 1007 993 992 1008 1025 1053 1068 1077 1083 1077 1068 1057 1049 1044 1034 1027 1006 982 969 962 942 933 925 921 917
814 793 779 764 755 762 753 736 735 747 741 730 732 736 742 745 744 744 740 726 702 679 677 677 684 692 709 727 766 783 798 798 810 813 829 852 908 955 996 1003 1030 1070 1077 1090 1135 1165 1200 1244 1270 1281 1285 1278 1254 1224 1208 1178 1137 1103 1089 1062 1049 1029 1008 996 997 1011 1029 1055 1077 1094 1098 1087 1076 1061 1048 1044 1031 1016 1000 983 970 964 953 946 952 960 964
817 785 763 749 727 718 701 701 706 708 712 713 711 714 725 723 730 733 727 716 703 680 675 667 676 693 719 753 779 798 817 830 837 835 841 886 930 958 1002 1018 1042 1067 1073 1104 1144 1198 1232 1257 1275 1283 1285 1273 1254 1250 1218 1185 1153 1118 1095 1072 1047 1038 1014 994 988 998 1008 1052 1063 1070 1099 1092 1081 1075 1054 1044 1031 1014 1003 983 969 957 970 982 992 1007 1018
811 791 771 755 733 712 701 702 703 705 705 719 712 715 720 718 719 723 722 710 700 683 674 669 678 700 724 750 781 802 819 836 845 858 885 904 941 973 1003 1029 1063 1080 1095 1126 1171 1214 1242 1258 1282 1307 1307 1295 1290 1250 1211 1194 1168 1138 1107 1072 1048 1020 1006 983 975 976 1005 1039 1061 1098 1104 1085 1067 1046 1038 1051 1064 1056 1030 1008 985 961 981 1018 1053 1066 1073
814 791 776 759 743 732 721 723 720 727 706 709 706 709 711 720 714 709 710 707 698 689 690 688 698 717 753 774 793 804 828 842 863 880 897 923 948 980 1009 1040 1064 1091 1104 1128 1166 1203 1233 1263 1282 1290 1285 1263 1258 1246 1215 1194 1172 1142 1107 1075 1048 1024 1006 986 974 972 958 1011 1084 1094 1091 1076 1060 1053 1066 1062 1057 1036 1023 1009 1001 1000 1007 1033 1060 1067 1076
813 794 780 765 748 738 729 721 722 721 714 704 702 704 709 724 709 704 713 710 708 709 703 707 711 722 747 777 795 821 842 843 859 883 901 924 953 988 1019 1034 1059 1083 1106 1135 1158 1188 1213 1235 1248 1251 1255 1233 1216 1205 1210 1180 1161 1133 1100 1068 1043 1018 999 982 980 984 998 1043 1075 1098 1073 1061 1069 1072 1064 1050 1046 1040 1033 1033 1039 1048 1050 1064 1080 1085 1090
825 815 791 769 754 737 729 729 721 720 710 709 709 706 715 718 720 721 723 723 720 722 719 721 722 735 756 778 806 818 844 860 867 888 903 914 946 967 1008 1035 1060 1080 1091 1129 1160 1192 1222 1231 1228 1222 1216 1214 1195 1156 1158 1157 1134 1124 1088 1059 1035 1015 995 969 975 983 995 1003 1024 1043 1038 998 1011 1063 1046 1024 1043 1046 1041 1047 1057 1071 1084 1106 1107 1099 1100
812 819 797 770 756 744 733 729 721 715 712 707 713 716 725 734 730 729 727 727 731 733 736 734 740 754 768 787 804 821 838 850 864 868 885 928 950 977 1006 1027 1042 1059 1078 1108 1135 1166 1216 1226 1227 1208 1180 1167 1172 1140 1117 1124 1103 1101 1079 1048 1024 1003 1013 983 976 986 1012 1007 997 1006 993 968 999 1014 989 1037 1056 1050 1046 1054 1058 1072 1104 1115 1115 1101 1101
809 803 783 771 762 753 741 735 724 720 716 713 714 716 721 727 734 732 733 733 737 742 749 751 752 765 776 793 810 825 826 840 852 872 903 933 961 983 997 1011 1027 1057 1082 1099 1119 1168 1213 1231 1209 1232 1176 1147 1121 1100 1073 1094 1094 1087 1070 1049 1022 1012 1000 979 974 992 1025 1011 1012 1005 973 951 984 940 943 1033 1030 1015 1035 1041 1042 1057 1088 1071 1093 1086 1089
807 797 784 775 766 758 746 744 727 720 720 717 716 719 717 723 739 739 738 736 741 752 759 757 760 768 792 802 826 831 825 829 851 872 900 940 961 984 987 994 1019 1056 1079 1089 1106 1143 1180 1189 1189 1187 1167 1150 1119 1092 1087 1074 1052 1054 1054 1043 1028 1015 984 977 999 1008 1007 1014 1016 1002 967 950 930 921 972 1037 1022 1034 1029 1028 1021 1030 1046 1035 1055 1060 1064
806 794 785 777 769 757 744 736 729 725 725 719 715 720 721 724 736 754 741 744 765 782 789 789 786 781 812 818 826 826 819 837 858 876 899 929 949 964 982 999 1015 1054 1074 1084 1097 1113 1137 1175 1176 1169 1144 1133 1109 1104 1154 1089 1028 1016 1017 1009 1000 997 977 978 989 995 1001 1014 1028 1008 977 962 957 987 1026 1043 1045 1034 1019 1004 996 994 1006 1010 1028 1031 1027
802 790 782 775 767 763 750 736 734 730 726 724 722 724 727 739 745 747 751 760 791 797 796 794 790 787 813 817 811 808 824 837 857 876 896 923 952 974 985 997 1010 1039 1057 1071 1084 1094 1112 1141 1144 1146 1123 1105 1103 1088 1156 1076 1028 1021 1003 988 977 966 962 977 970 982 1004 1012 1020 1007 987 977 989 1026 1029 1029 1029 1021 1002 983 960 956 979 989 996 995 984
800 789 779 770 768 781 750 737 733 724 720 726 727 733 743 739 739 753 755 766 788 795 806 786 802 797 800 809 808 817 825 838 851 867 885 932 959 979 992 1001 1007 1029 1056 1070 1073 1075 1086 1101 1111 1117 1125 1116 1117 1121 1104 1070 1032 1042 993 984 963 952 946 950 966 978 1005 1022 1012 1002 999 1010 1023 1025 1018 1016 1017 1013 998 987 952 945 962 968 963 948 943
802 785 779 768 762 772 762 733 724 719 721 725 754 754 758 748 746 772 773 780 786 783 804 798 804 811 809 806 807 824 851 842 846 856 882 930 941 941 956 959 994 1019 1020 1051 1054 1053 1065 1087 1101 1101 1102 1107 1110 1126 1110 1110 1033 1003 984 972 952 940 938 941 963 977 1001 1007 1002 1010 1009 1019 1020 1011 1004 1006 1006 1000 1010 1010 989 964 956 948 934 924 917
798 784 771 765 772 766 751 760 742 727 719 722 747 751 758 749 757 791 784 799 797 787 800 805 803 809 827 824 825 835 872 848 847 852 879 925 917 890 902 932 976 1001 1012 1020 1026 1034 1047 1053 1069 1090 1100 1100 1118 1140 1133 1072 1022 993 976 960 943 937 933 940 952 974 988 994 989 991 1000 1008 1001 1000 991 989 995 988 1002 1014 1005 967 941 928 920 912 892
798 780 763 763 764 743 746 748 745 703 703 707 733 739 751 741 750 767 781 803 805 797 815 811 820 820 836 846 832 847 900 871 849 848 868 911 871 865 892 930 950 941 950 967 996 1018 1026 1033 1035 1061 1084 1086 1107 1044 1013 1010 996 960 961 955 935 928 927 931 940 956 961 959 962 975 980 978 982 975 970 973 978 971 960 968 962 946 927 921 911 893 880
805 782 764 755 731 721 713 706 698 688 694 702 725 737 750 734 745 760 776 797 811 826 832 822 831 836 834 874 853 870 899 859 848 854 864 900 876 854 871 887 899 905 909 915 927 969 999 1011 1019 1014 1041 1067 1079 989 958 960 955 946 939 936 925 930 948 952 961 943 936 936 938 947 954 962 961 954 953 952 952 947 940 941 937 927 911 904 896 883 878
814 777 749 736 735 707 688 680 679 689 708 706 723 731 741 732 744 750 778 784 816 838 852 849 852 838 846 889 896 882 909 882 863 853 852 878 845 845 843 846 855 860 863 874 886 901 918 965 1006 1003 958 951 945 922 921 923 922 933 923 918 930 956 967 963 967 946 930 922 922 927 935 937 939 935 933 924 920 913 906 908 911 933 915 902 903 894 890
791 765 742 716 695 683 671 667 673 694 704 710 709 713 729 730 733 742 767 795 814 825 848 873 869 865 848 855 881 907 893 867 845 834 830 875 856 822 809 809 817 823 822 834 838 847 857 879 939 974 915 897 889 887 895 890 887 893 893 895 916 934 947 944 969 944 910 914 913 917 918 921 922 917 914 904 899 920 943 924 903 937 925 921 910 892 902
786 771 738 700 682 671 677 673 665 677 690 692 699 714 712 705 720 742 763 782 791 817 833 846 847 843 843 843 857 869 860 835 817 803 795 831 855 793 777 779 781 785 789 796 801 811 826 832 846 856 861 857 846 846 853 851 852 862 873 880 886 913 926 924 935 946 927 916 912 907 920 916 911 903 903 911 904 962 952 929 912 945 925 927 887 875 937
791 773 720 687 666 656 664 665 660 668 672 672 684 697 689 695 703 735 744 757 773 783 796 809 811 807 805 813 828 825 815 797 784 771 767 764 775 764 754 756 756 753 760 758 769 781 793 799 805 825 821 817 815 818 820 824 832 844 856 870 880 886 896 905 915 908 918 917 911 929 926 920 893 904 900 926 906 944 971 942 919 922 925 904 861 838 845
798 755 704 676 660 640 627 638 652 647 652 660 668 689 694 697 714 752 761 752 767 761 767 770 776 773 772 777 792 791 784 762 755 744 737 730 735 735 733 733 730 731 736 739 747 757 765 771 778 789 792 795 794 798 798 803 817 839 841 846 852 870 881 879 896 940 928 918 926 921 899 891 867 912 893 915 997 1005 1001 1067 900 926 885 848 839 828 803
767 740 711 675 673 647 615 625 625 629 639 643 646 644 651 677 691 696 715 719 723 731 742 751 753 753 746 749 751 743 739 737 728 719 704 706 710 712 704 705 713 718 723 716 724 733 740 749 758 769 767 789 789 780 780 786 802 812 824 838 844 850 862 864 879 901 897 901 924 891 878 863 855 884 909 932 1109 1053 1117 1169 934 908 861 824 818 808 788
754 716 706 669 666 646 613 616 591 596 611 612 613 623 636 642 661 650 668 680 693 701 714 725 730 732 723 718 711 702 723 714 700 693 686 683 684 686 687 687 685 696 697 702 707 715 720 727 739 742 749 776 787 776 774 777 791 817 818 827 837 837 836 844 854 870 877 865 861 873 856 845 833 844 868 884 1033 1146 1144 1070 858 791 809 782 780 777 773
750 725 694 666 658 644 630 614 575 578 599 586 580 584 614 619 621 636 649 661 680 693 700 713 713 710 708 700 693 683 684 686 675 671 667 667 666 668 677 674 680 678 674 681 691 697 709 710 714 727 743 755 753 766 773 771 775 793 795 808 820 825 827 820 828 841 849 860 836 830 827 815 806 810 810 834 851 884 800 778 766 768 759 755 755 754 757
748 714 676 645 624 612 622 620 572 567 563 555 567 575 582 607 612 617 634 655 669 683 689 694 691 687 690 697 678 670 666 663 658 659 673 665 659 655 666 680 673 665 654 658 673 688 701 695 703 715 719 725 729 735 749 747 751 761 777 788 799 816 816 811 805 812 828 829 823 806 801 793 790 805 795 792 774 766 756 751 744 737 733 730 752 742 740
730 716 691 678 666 634 606 589 585 586 560 555 556 577 596 598 607 630 651 672 684 682 682 688 680 680 682 675 661 653 644 639 636 645 663 638 650 664 657 678 672 658 643 640 655 682 689 691 700 702 723 710 710 716 720 722 730 739 751 761 771 793 797 793 788 784 791 807 816 792 785 779 774 780 757 760 746 742 742 758 731 714 746 711 708 724 728
702 694 679 667 652 627 610 599 594 600 568 554 555 566 606 624 626 656 674 687 702 705 698 677 677 673 662 652 644 634 627 621 629 635 630 644 634 660 657 664 658 658 640 639 649 661 680 685 691 694 694 693 694 700 705 704 712 719 732 738 758 764 771 775 783 780 769 772 779 779 756 755 750 746 738 735 726 722 713 706 698 692 692 681 685 728 771
664 685 676 662 642 632 617 605 593 576 570 559 561 561 573 600 615 638 660 679 665 657 663 660 655 652 642 635 625 624 606 605 605 611 620 641 644 627 641 651 635 630 624 630 649 660 683 681 679 678 678 679 683 685 686 684 691 694 707 730 739 737 740 749 752 759 750 750 751 748 739 735 735 732 772 746 729 722 714 725 691 698 701 691 680 698 722
650 657 659 650 637 625 614 595 593 573 574 563 565 569 583 583 595 606 627 635 642 647 652 648 647 638 636 621 623 612 592 588 585 594 606 615 622 632 633 635 622 616 616 619 645 665 685 689 682 677 669 660 664 666 665 668 668 676 687 694 702 708 716 719 725 738 732 725 725 719 718 713 716 743 772 737 713 693 698 688 710 714 661 665 658 688 680
637 625 626 628 618 603 587 583 570 571 562 564 565 570 575 588 604 618 634 637 638 642 649 652 650 654 636 625 639 605 586 594 588 577 581 599 614 623 628 621 618 610 618 622 658 666 666 689 685 676 664 645 638 642 640 642 656 668 670 677 691 706 707 702 710 708 718 708 701 702 715 702 704 707 699 684 675 670 677 684 669 635 617 617 626 653 657
642 626 614 625 600 592 581 573 569 565 561 564 568 574 574 583 607 621 625 632 635 643 638 649 645 643 643 640 632 595 575 572 578 559 549 562 593 609 605 605 603 606 637 637 666 660 666 672 670 661 642 630 619 622 635 647 653 657 648 665 673 691 693 695 691 694 705 692 677 694 692 685 681 673 671 662 659 665 676 656 624 607 596 593 613 625 636
643 634 606 594 592 582 575 567 566 561 558 558 570 580 587 600 605 611 620 629 628 635 639 632 636 626 630 639 614 608 586 580 584 557 549 558 578 582 586 591 597 608 636 633 651 636 650 662 663 663 635 612 598 595 603 617 627 664 672 656 673 667 660 678 704 698 684 690 682 677 673 666 660 657 657 657 673 668 654 624 607 598 590 628 638 609 620
624 618 603 587 590 575 569 563 560 560 562 571 564 577 602 615 610 609 613 623 616 630 631 619 616 617 626 621 624 620 601 596 594 578 578 584 563 580 583 581 591 595 619 622 640 631 630 639 633 621 606 589 578 575 574 574 588 613 636 650 636 662 708 683 679 671 672 663 661 654 652 649 643 642 638 643 669 655 624 606 592 592 594 619 596 602 612
600 597 592 594 589 581 562 561 560 559 560 586 576 583 601 627 615 608 609 611 612 607 603 609 606 608 616 607 622 623 609 599 582 584 573 580 566 536 544 551 562 570 596 592 616 627 616 610 606 608 608 589 552 542 555 564 565 576 590 633 681 707 698 660 664 661 651 642 635 626 628 624 626 627 635 641 628 618 602 592 583 586 587 583 583 596 606
578 581 582 585 587 583 561 559 557 559 564 590 598 602 602 607 604 607 600 594 594 599 587 595 610 628 620 614 614 622 620 602 589 589 580 572 554 522 527 534 543 562 566 571 586 596 601 596 590 606 584 554 539 533 545 555 560 571 597 607 611 626 652 642 632 637 637 621 610 605 604 609 617 618 628 619 606 599 589 583 577 574 577 575 579 587 590
559 558 575 580 582 565 557 556 560 590 591 591 603 604 594 599 602 595 594 588 584 589 577 585 595 618 610 604 600 614 617 593 584 593 591 569 536 525 521 524 525 536 542 545 555 562 572 573 592 570 549 542 542 537 540 541 560 596 613 589 601 633 665 658 670 632 619 602 587 582 584 593 599 615 608 622 604 593 578 569 566 578 595 572 576 581 588
553 561 574 580 582 567 582 569 567 576 608 609 620 606 585 587 584 593 585 584 575 570 574 578 579 592 589 594 592 597 601 594 581 576 568 537 522 520 514 509 511 521 525 524 532 533 537 540 541 536 543 535 535 529 545 559 570 570 592 592 599 625 644 687 658 622 595 586 570 562 573 587 589 606 611 605 593 591 569 554 554 557 558 563 572 581 579
538 542 556 572 580 577 587 591 590 586 601 605 616 622 576 578 577 582 579 573 568 561 556 565 561 571 580 586 588 617 601 591 584 569 553 537 517 508 509 502 494 498 505 511 509 511 518 515 520 523 522 522 511 514 533 556 551 547 584 591 600 610 621 625 609 597 584 572 556 552 568 584 585 572 581 578 575 565 554 557 551 551 551 555 564 572 577
