exemple_data/Mbahiensis/Layers_1/bio_12.asc
ncols         264
nrows         360
xllcorner     -45
yllcorner     -17
cellsize      0.041666666666667
NODATA_value  -9999
[rows 273 to 311 of 360, columns 0 to 86 of 264]
1040 1032 1026 1022 1014 1010 1018 1004 1006 990 984 986 996 1008 1019 1029 1038 1049 1055 1065 1041 1026 1006 981 950 924 895 878 869 866 868 866 852 849 837 849 832 831 858 869 878 892 909 915 929 933 925 918 906 896 890 873 855 843 833 833 832 858 840 848 845 835 830 812 812 811 832 875 846 876 951 1010 988 988 1025 1074 1013 962 800 737 663 664 701 906 959 948 998
1024 1020 1017 1013 1014 1015 1011 1000 989 987 989 993 999 1007 1015 1018 1026 1032 1030 1037 1032 1023 1007 980 957 931 914 892 884 874 869 858 844 845 846 842 818 823 852 864 874 891 918 926 933 927 929 929 919 897 897 879 860 849 834 830 829 841 841 829 834 826 823 806 806 811 803 818 840 826 881 975 1012 1002 997 1017 1031 948 958 865 654 645 687 895 968 958 998
1012 1013 1017 1009 1012 1001 998 992 988 988 987 987 992 1003 1006 1010 1014 1022 1024 1027 1022 1015 1006 982 963 933 918 926 924 879 869 850 847 843 839 828 817 826 843 857 883 897 916 934 938 939 940 937 928 906 897 887 867 859 840 831 831 829 832 829 829 829 818 804 799 788 795 815 853 833 870 929 1008 1005 949 920 959 675 721 863 625 627 641 785 967 971 995
1009 1014 1007 1004 999 994 986 984 985 985 988 989 991 999 998 1003 1009 1008 1007 1009 1008 1001 990 979 960 933 925 929 934 884 856 844 843 834 839 818 809 818 834 862 889 909 930 945 947 933 939 942 923 909 893 902 887 862 838 829 829 823 820 821 824 820 804 800 794 782 769 769 831 858 840 896 994 1027 964 877 865 668 638 664 612 633 626 769 974 992 994
1006 1007 1002 997 995 990 986 985 985 985 986 985 984 983 984 987 999 993 990 996 992 986 977 970 949 942 944 928 914 872 850 839 840 833 835 812 807 814 829 853 890 914 945 961 968 955 955 934 930 907 888 894 886 850 834 826 821 812 813 812 819 818 818 827 811 783 767 763 785 818 859 826 903 848 879 895 831 712 629 618 617 611 632 777 947 964 988
1002 998 994 995 1004 999 993 991 991 991 986 978 979 971 974 976 978 976 976 981 982 978 969 957 949 947 940 922 909 866 841 834 830 820 815 800 806 830 841 857 898 932 958 977 978 971 945 932 921 915 888 874 881 853 837 834 835 835 816 812 809 811 823 834 834 808 772 743 747 770 813 776 758 687 663 704 749 745 636 619 613 610 639 738 895 897 945
997 1002 998 1003 1006 1002 992 990 987 982 973 968 967 966 958 954 961 959 962 970 966 960 956 954 950 944 932 918 884 853 836 825 814 805 795 791 806 834 852 864 894 920 959 998 982 962 947 931 905 903 882 866 875 851 834 824 832 821 823 811 802 800 814 838 838 833 816 760 730 716 741 730 772 677 659 645 654 748 726 633 600 605 630 703 872 830 849
997 1000 994 995 995 991 986 988 982 972 965 957 953 947 944 945 946 948 953 964 962 958 951 946 943 937 925 911 868 836 825 810 806 803 783 790 798 818 842 861 890 907 942 969 965 949 930 917 899 884 872 861 852 858 845 816 813 814 818 809 797 795 814 837 825 801 809 789 774 715 689 684 745 671 642 639 626 615 690 708 592 590 609 630 800 785 802
998 994 997 991 988 986 987 985 970 963 954 947 935 928 929 933 938 939 945 954 956 950 945 938 932 924 899 890 848 831 821 808 807 795 773 784 795 810 826 831 857 887 911 934 933 929 915 899 887 873 862 855 843 841 839 817 806 808 800 798 792 793 802 825 808 772 740 746 725 710 680 662 653 647 627 625 615 605 608 762 641 605 592 605 719 781 804
995 997 992 988 987 984 980 981 972 961 956 942 931 918 921 927 930 938 940 944 945 943 928 918 910 897 864 850 838 828 816 805 788 772 762 778 789 802 813 821 840 861 880 895 905 898 890 878 872 857 851 851 845 831 823 809 811 801 801 801 791 789 792 818 816 764 730 709 702 692 678 668 647 623 605 606 597 597 585 631 753 628 586 588 629 772 758
1000 998 998 992 988 988 986 981 969 960 956 947 925 909 915 923 930 935 941 941 939 941 925 903 901 873 856 840 827 820 804 792 781 760 755 767 772 777 786 803 822 838 851 857 868 871 857 854 851 841 830 830 833 831 821 809 842 813 812 813 811 793 793 803 797 776 748 706 690 678 669 664 659 651 614 601 604 579 582 567 621 651 570 578 601 717 726
1003 1002 993 990 987 989 981 979 969 964 953 947 932 916 913 922 931 936 941 933 932 929 921 897 870 856 844 836 820 806 797 791 769 743 744 758 760 774 779 790 805 818 823 835 834 834 831 832 828 818 816 815 826 823 815 820 861 829 814 813 820 810 799 800 806 771 726 709 684 673 663 659 645 639 628 612 605 576 563 571 565 593 573 572 581 642 691
999 1005 1001 991 996 991 983 981 976 968 958 957 942 927 925 927 931 937 935 928 924 925 915 886 866 850 840 828 815 803 796 780 764 736 729 739 742 758 769 778 791 801 808 810 814 813 817 817 812 808 806 800 809 796 801 837 851 843 830 817 814 812 797 792 804 794 762 719 674 665 656 644 637 616 605 607 603 564 556 566 562 571 593 574 579 610 667
1009 1004 996 998 1001 997 991 986 979 971 963 960 953 942 940 949 940 935 937 928 922 915 900 880 866 851 837 826 816 804 795 781 760 731 726 734 734 753 760 772 778 784 788 796 795 793 801 797 797 788 788 787 789 794 816 830 865 868 856 838 827 817 814 808 806 774 746 704 679 667 648 649 640 612 587 571 566 550 548 566 557 587 642 570 570 585 619
1007 1010 1001 1008 1012 1010 1004 998 983 982 970 966 950 946 943 940 936 935 930 928 918 904 894 885 872 852 840 826 816 808 792 779 749 739 736 732 740 750 757 771 773 773 779 777 783 778 786 787 782 770 773 775 778 794 822 835 870 879 874 859 854 839 839 836 789 758 712 685 670 660 649 644 633 618 599 577 552 544 560 562 559 576 593 578 567 574 586
1018 1011 1006 1014 1009 1008 1000 996 986 976 978 974 955 950 948 944 942 940 935 928 919 905 893 876 868 856 844 835 823 810 792 774 755 748 746 737 740 738 749 760 765 763 771 758 761 778 779 773 769 779 770 768 773 783 781 823 866 884 893 882 876 854 849 845 807 749 703 686 673 663 650 642 635 617 604 584 548 535 542 550 554 559 561 579 559 560 570
1025 1016 1016 1018 1014 1007 1004 1007 988 984 976 972 959 954 952 948 948 943 936 927 909 903 893 882 869 859 846 834 824 813 796 778 760 757 751 743 746 743 747 758 766 768 769 760 757 766 770 771 766 768 773 781 778 781 783 846 868 889 902 900 877 848 843 823 781 748 702 686 678 665 644 631 630 608 600 580 565 554 549 554 551 549 552 566 570 573 557
1033 1031 1027 1023 1018 1004 995 1002 991 987 980 977 965 958 953 951 949 943 936 927 916 911 888 886 875 861 848 835 823 815 804 787 769 765 759 757 759 746 747 755 768 765 765 765 764 762 764 769 772 768 771 788 789 788 785 864 896 918 917 918 924 836 834 827 769 723 701 691 688 663 656 642 637 621 619 585 560 565 563 570 564 557 560 568 571 577 569
1046 1041 1032 1030 1024 1009 998 1001 994 989 986 978 976 972 960 957 952 943 943 932 919 909 894 882 874 861 854 841 829 823 811 790 780 776 768 767 754 754 754 753 761 763 762 762 768 769 770 774 779 778 776 785 793 799 799 856 900 929 937 927 938 837 798 793 758 721 704 687 689 675 676 656 643 625 617 582 581 568 583 592 579 564 568 576 568 570 577
1051 1045 1031 1027 1015 1006 1003 1001 997 991 990 991 984 977 979 966 956 947 940 930 921 911 900 892 883 872 863 840 832 824 818 799 796 786 772 777 771 761 754 761 758 762 760 762 768 766 776 782 792 790 788 791 799 802 797 805 899 943 949 943 947 854 787 764 732 717 703 693 690 674 660 648 648 629 611 600 592 580 609 583 581 577 569 572 561 565 571
1054 1046 1040 1031 1028 1028 1022 1012 1001 999 999 992 989 986 987 972 961 954 943 936 922 917 906 896 882 873 861 847 833 826 817 798 801 793 782 784 787 781 773 765 764 766 770 771 775 774 783 785 791 794 796 794 799 806 793 809 901 919 940 963 948 849 812 787 744 723 706 704 702 682 663 650 640 629 619 606 595 574 569 580 577 566 565 562 563 574 573
1063 1052 1048 1044 1053 1042 1025 1015 1013 1011 1004 1003 998 991 983 972 963 949 939 935 919 905 895 885 874 872 864 856 843 835 819 806 801 804 795 788 792 793 790 779 779 777 770 777 819 810 794 800 801 804 802 801 795 790 785 791 827 860 920 969 944 878 863 803 757 727 721 726 718 688 671 649 640 633 620 609 594 590 584 576 573 569 579 568 571 579 585
1070 1064 1068 1063 1060 1048 1032 1036 1029 1019 1010 1004 1006 994 984 975 967 959 946 932 919 906 899 884 876 858 849 840 837 839 818 816 812 801 793 797 797 794 794 785 783 783 771 780 823 862 847 819 814 814 812 816 806 794 795 795 840 846 938 963 908 843 816 775 755 733 737 728 704 687 668 655 639 631 621 612 597 591 578 559 551 552 575 570 565 568 580
1088 1085 1081 1071 1062 1058 1057 1051 1036 1024 1018 1012 1011 1001 994 980 969 965 949 937 923 903 891 889 881 866 849 844 831 830 827 819 815 813 804 800 798 795 792 788 784 782 774 786 810 878 901 898 851 828 828 815 799 788 779 784 851 865 935 956 898 862 811 809 781 751 739 724 697 685 668 651 642 637 622 605 585 591 562 531 527 550 567 563 554 555 568
1095 1094 1083 1079 1075 1070 1056 1040 1031 1031 1024 1020 1010 1007 998 987 975 963 950 939 921 902 891 880 869 858 854 840 833 833 832 821 816 811 812 807 804 799 785 790 784 778 783 786 795 853 886 899 915 878 843 825 799 779 766 766 820 863 928 950 914 860 842 816 791 752 738 718 695 681 672 654 637 633 629 614 591 568 550 516 522 528 551 537 539 552 560
1107 1100 1096 1093 1082 1064 1052 1044 1043 1039 1027 1027 1017 1006 1000 992 974 972 960 942 930 912 889 876 869 856 846 829 830 832 829 834 833 839 823 810 798 790 786 783 780 773 773 781 786 804 837 849 884 921 845 819 795 767 748 757 803 881 928 941 892 848 848 815 778 757 733 722 697 680 671 655 638 631 606 584 567 556 509 498 506 498 529 533 529 540 557
1113 1109 1106 1085 1075 1064 1061 1059 1058 1048 1044 1036 1026 1014 1004 995 982 975 963 943 921 901 888 878 867 855 843 829 831 836 831 837 857 861 826 809 799 781 782 786 779 772 775 782 787 789 796 794 817 888 891 823 786 765 737 728 795 826 937 908 841 823 817 828 787 764 745 724 704 687 669 655 638 607 577 535 540 522 485 468 461 472 507 518 519 532 558
1127 1125 1111 1090 1078 1080 1074 1073 1062 1061 1053 1045 1038 1028 1014 1000 989 982 970 941 919 898 886 875 869 859 838 835 839 839 831 834 854 854 821 810 801 795 789 789 779 773 773 786 782 782 787 792 789 812 898 908 829 780 748 732 757 803 921 881 852 825 802 800 783 759 749 731 714 691 670 652 637 603 550 518 511 479 454 439 435 458 480 487 500 524 546
1140 1126 1115 1097 1097 1095 1086 1078 1072 1065 1064 1056 1044 1033 1021 1011 1000 991 973 950 929 901 889 877 862 851 841 839 842 841 826 829 827 833 822 804 801 794 786 792 779 778 777 777 780 780 773 778 773 777 835 896 854 776 743 742 750 834 936 871 838 821 806 785 779 763 752 738 718 694 667 648 628 590 531 500 492 437 418 407 419 428 446 466 484 511 539
1139 1121 1110 1104 1107 1108 1096 1085 1074 1069 1065 1059 1049 1037 1027 1015 1000 975 956 945 922 898 890 872 857 848 829 836 834 847 836 822 820 820 815 809 811 805 788 781 782 778 781 772 772 786 781 778 764 768 764 801 846 763 739 743 767 858 937 887 858 830 813 805 794 770 758 744 715 696 668 642 614 568 518 481 459 408 395 389 397 407 427 457 483 508 540
1131 1130 1121 1120 1120 1116 1098 1094 1080 1079 1076 1066 1054 1046 1034 1019 1000 979 961 940 917 899 883 869 857 843 826 834 827 829 831 824 820 817 809 804 805 801 793 786 788 782 779 783 780 777 774 773 762 754 756 748 755 759 755 752 785 835 908 887 862 850 827 817 797 780 765 749 728 706 676 644 603 555 515 479 423 383 361 351 362 385 416 455 494 525 548
1151 1145 1134 1137 1126 1111 1108 1104 1089 1085 1080 1072 1068 1056 1042 1025 1003 978 955 941 918 905 877 864 852 838 825 824 821 824 818 816 813 807 803 804 805 802 793 788 785 782 780 779 782 773 770 770 764 755 748 745 747 784 759 755 789 826 918 912 890 867 840 821 814 791 777 760 738 715 688 649 606 566 531 484 429 365 315 320 350 376 413 449 490 520 568
1167 1163 1148 1140 1122 1119 1114 1104 1093 1093 1082 1075 1070 1065 1048 1023 997 979 957 943 924 901 882 864 852 844 832 825 819 816 813 810 807 810 807 810 799 794 789 786 781 784 783 791 781 770 764 763 763 756 745 747 742 764 759 779 814 861 917 900 883 864 848 846 827 806 788 773 747 728 703 668 628 593 576 479 420 350 327 320 346 388 430 461 491 525 559
1167 1156 1146 1134 1124 1121 1111 1106 1097 1094 1086 1078 1070 1060 1047 1024 1007 985 963 941 924 900 883 865 854 845 833 825 818 813 816 823 817 816 807 803 801 793 788 784 782 787 787 798 785 778 772 763 758 756 753 742 741 747 767 800 826 866 917 907 895 875 879 856 836 813 792 776 754 733 712 683 651 603 596 520 447 382 374 382 379 423 478 498 511 546 575
1162 1143 1135 1140 1136 1126 1119 1105 1098 1089 1084 1077 1067 1056 1044 1027 1000 987 968 943 927 906 883 864 847 833 831 830 824 816 822 816 824 820 803 802 814 797 795 794 790 792 793 791 786 786 784 777 763 771 765 764 773 773 785 813 864 885 915 920 916 901 887 855 829 807 790 777 762 746 731 706 680 636 592 540 487 448 417 434 458 468 498 540 551 580 616
1166 1149 1142 1143 1134 1129 1120 1112 1099 1091 1088 1078 1072 1057 1040 1024 1005 994 975 956 936 906 886 866 850 838 837 832 826 822 830 827 814 810 798 802 813 798 811 805 806 797 796 797 798 793 812 848 843 816 835 878 783 773 793 826 865 884 901 914 924 916 888 857 831 811 794 781 771 757 745 733 712 667 621 580 549 524 502 487 513 531 550 579 588 601 636
1178 1162 1157 1148 1137 1131 1115 1108 1100 1091 1085 1081 1071 1055 1038 1023 1009 990 984 969 939 912 895 876 852 841 838 831 828 831 832 824 826 822 806 809 807 801 818 816 810 803 803 805 809 803 858 894 887 890 870 821 782 790 802 827 876 901 913 910 918 908 878 852 828 810 794 781 776 766 758 745 724 690 654 631 607 592 582 565 563 568 585 602 604 636 652
1182 1178 1171 1155 1147 1131 1117 1106 1098 1086 1080 1068 1064 1056 1044 1023 1007 997 979 963 946 911 901 883 867 857 844 839 834 835 844 837 823 812 812 816 813 807 812 821 810 814 820 810 814 826 870 902 901 872 822 792 790 802 825 858 886 916 924 917 913 898 874 845 816 807 798 785 773 772 762 754 737 714 692 670 651 630 649 629 609 613 625 633 638 663 677
1199 1181 1174 1160 1147 1134 1120 1115 1105 1098 1088 1065 1054 1042 1032 1022 1010 997 978 966 950 917 900 891 882 864 855 844 837 833 832 825 819 825 817 812 826 839 821 812 826 825 815 814 815 833 872 899 874 848 816 809 813 827 867 896 907 928 921 905 898 888 868 835 813 800 789 784 776 776 768 760 748 739 719 691 665 666 681 653 643 641 662 662 672 685 706
