exemple_data/Mbahiensis/Layers_1/bio_12.asc
ncols         264
nrows         360
xllcorner     -45
yllcorner     -17
cellsize      0.041666666666667
NODATA_value  -9999
[rows 312 to 350 of 360, columns 87 to 173 of 264]
738 743 757 762 781 803 815 813 815 823 818 815 806 806 803 803 805 798 802 808 824 852 849 907 939 931 916 896 894 893 912 904 910 918 927 944 960 966 999 1045 1080 1092 1120 1175 1232 1285 1316 1375 1444 1556 1566 1597 1679 1739 1794 1826 1801 1.#QNAN 1.#QNAN 1.#QNAN 1.#QNAN 1.#QNAN 1.#QNAN 1.#QNAN 1.#QNAN 1.#QNAN 1.#QNAN 1.#QNAN 1.#QNAN 1.#QNAN 1.#QNAN 1.#QNAN 1.#QNAN 1.#QNAN 1.#QNAN 1.#QNAN 1.#QNAN 1.#QNAN 1.#QNAN 1.#QNAN 1.#QNAN 1.#QNAN 1.#QNAN 1.#QNAN 1.#QNAN 1.#QNAN 1.#QNAN
754 759 773 781 796 809 825 825 826 829 829 822 818 819 810 792 801 817 825 818 824 869 878 900 925 915 909 896 899 897 892 890 891 901 904 926 935 947 973 1009 1034 1065 1126 1180 1242 1286 1341 1435 1483 1529 1594 1608 1676 1723 1772 1811 1784 1.#QNAN 1.#QNAN 1.#QNAN 1.#QNAN 1.#QNAN 1.#QNAN 1.#QNAN 1.#QNAN 1.#QNAN 1.#QNAN 1.#QNAN 1.#QNAN 1.#QNAN 1.#QNAN 1.#QNAN 1.#QNAN 1.#QNAN 1.#QNAN 1.#QNAN 1.#QNAN 1.#QNAN 1.#QNAN 1.#QNAN 1.#QNAN 1.#QNAN 1.#QNAN 1.#QNAN 1.#QNAN 1.#QNAN 1.#QNAN
769 778 782 793 802 814 828 832 834 837 833 835 831 832 834 821 800 813 817 826 840 860 886 892 899 899 904 891 882 891 874 882 876 887 887 899 909 929 946 978 1010 1063 1124 1185 1240 1284 1355 1452 1498 1548 1545 1598 1658 1703 1757 1787 1767 1.#QNAN 1.#QNAN 1.#QNAN 1.#QNAN 1.#QNAN 1.#QNAN 1.#QNAN 1.#QNAN 1.#QNAN 1.#QNAN 1.#QNAN 1.#QNAN 1.#QNAN 1.#QNAN 1.#QNAN 1.#QNAN 1.#QNAN 1.#QNAN 1.#QNAN 1.#QNAN 1.#QNAN 1.#QNAN 1.#QNAN 1.#QNAN 1.#QNAN 1.#QNAN 1.#QNAN 1.#QNAN 1.#QNAN 1.#QNAN
786 784 787 800 806 816 826 834 838 840 841 839 832 822 832 823 804 797 812 827 843 859 876 885 886 883 884 882 869 878 866 871 870 866 876 888 887 905 929 962 1009 1067 1136 1214 1240 1292 1360 1439 1511 1546 1532 1589 1647 1695 1738 1773 1759 1743 1.#QNAN 1.#QNAN 1.#QNAN 1.#QNAN 1.#QNAN 1.#QNAN 1.#QNAN 1.#QNAN 1.#QNAN 1.#QNAN 1.#QNAN 1.#QNAN 1.#QNAN 1.#QNAN 1.#QNAN 1.#QNAN 1.#QNAN 1.#QNAN 1.#QNAN 1.#QNAN 1.#QNAN 1.#QNAN 1.#QNAN 1.#QNAN 1.#QNAN 1.#QNAN 1.#QNAN 1.#QNAN 1.#QNAN
803 797 794 801 807 817 825 833 839 840 841 848 837 829 795 796 809 785 806 811 829 851 866 875 874 870 870 867 861 856 856 855 860 864 872 877 879 890 903 952 1012 1085 1156 1224 1249 1282 1358 1470 1521 1559 1561 1593 1635 1680 1728 1755 1746 1.#QNAN 1.#QNAN 1.#QNAN 1.#QNAN 1.#QNAN 1.#QNAN 1.#QNAN 1.#QNAN 1.#QNAN 1.#QNAN 1.#QNAN 1.#QNAN 1.#QNAN 1.#QNAN 1.#QNAN 1.#QNAN 1.#QNAN 1.#QNAN 1.#QNAN 1.#QNAN 1.#QNAN 1.#QNAN 1.#QNAN 1.#QNAN 1.#QNAN 1.#QNAN 1.#QNAN 1.#QNAN 1.#QNAN 1.#QNAN
822 807 803 799 806 817 824 829 837 852 847 841 819 809 809 797 781 787 788 810 820 833 845 861 866 862 854 862 859 855 850 848 851 859 866 869 877 889 911 960 1027 1127 1179 1255 1255 1290 1356 1432 1467 1497 1536 1586 1634 1681 1723 1756 1734 1717 1.#QNAN 1.#QNAN 1.#QNAN 1.#QNAN 1.#QNAN 1.#QNAN 1.#QNAN 1.#QNAN 1.#QNAN 1.#QNAN 1.#QNAN 1.#QNAN 1.#QNAN 1.#QNAN 1.#QNAN 1.#QNAN 1.#QNAN 1.#QNAN 1.#QNAN 1.#QNAN 1.#QNAN 1.#QNAN 1.#QNAN 1.#QNAN 1.#QNAN 1.#QNAN 1.#QNAN 1.#QNAN 1.#QNAN
840 823 816 815 817 816 822 831 835 851 834 809 819 787 798 800 791 773 780 793 805 822 836 839 844 847 849 850 846 846 854 844 847 857 859 859 871 885 913 963 1063 1176 1175 1251 1265 1294 1344 1396 1441 1475 1519 1564 1608 1664 1715 1753 1732 1714 1.#QNAN 1.#QNAN 1.#QNAN 1.#QNAN 1.#QNAN 1.#QNAN 1.#QNAN 1.#QNAN 1.#QNAN 1.#QNAN 1.#QNAN 1.#QNAN 1.#QNAN 1.#QNAN 1.#QNAN 1.#QNAN 1.#QNAN 1.#QNAN 1.#QNAN 1.#QNAN 1.#QNAN 1.#QNAN 1.#QNAN 1.#QNAN 1.#QNAN 1.#QNAN 1.#QNAN 1.#QNAN 1.#QNAN
847 844 838 829 827 818 819 829 829 820 822 796 792 798 813 810 801 787 814 820 819 813 822 829 834 840 839 835 836 835 856 849 837 851 862 867 877 887 919 977 1076 1178 1160 1249 1258 1287 1346 1387 1428 1470 1505 1543 1595 1644 1691 1732 1724 1711 1.#QNAN 1.#QNAN 1.#QNAN 1.#QNAN 1.#QNAN 1.#QNAN 1.#QNAN 1.#QNAN 1.#QNAN 1.#QNAN 1.#QNAN 1.#QNAN 1.#QNAN 1.#QNAN 1.#QNAN 1.#QNAN 1.#QNAN 1.#QNAN 1.#QNAN 1.#QNAN 1.#QNAN 1.#QNAN 1.#QNAN 1.#QNAN 1.#QNAN 1.#QNAN 1.#QNAN 1.#QNAN 1.#QNAN
857 846 845 837 830 822 816 817 821 810 799 808 805 801 805 804 801 806 839 831 817 822 829 829 825 831 833 830 827 818 827 857 833 839 870 883 868 886 922 1030 1055 1131 1151 1197 1220 1269 1336 1395 1423 1466 1518 1539 1595 1637 1678 1717 1725 1705 1.#QNAN 1.#QNAN 1.#QNAN 1.#QNAN 1.#QNAN 1.#QNAN 1.#QNAN 1.#QNAN 1.#QNAN 1.#QNAN 1.#QNAN 1.#QNAN 1.#QNAN 1.#QNAN 1.#QNAN 1.#QNAN 1.#QNAN 1.#QNAN 1.#QNAN 1.#QNAN 1.#QNAN 1.#QNAN 1.#QNAN 1.#QNAN 1.#QNAN 1.#QNAN 1.#QNAN 1.#QNAN 1.#QNAN
859 857 842 836 827 824 813 808 808 809 802 794 798 798 802 801 810 808 828 843 828 835 840 822 820 825 825 825 827 828 825 817 832 833 854 882 873 886 909 971 1007 1074 1172 1198 1205 1272 1321 1362 1404 1437 1483 1526 1587 1635 1672 1711 1724 1702 1.#QNAN 1.#QNAN 1.#QNAN 1.#QNAN 1.#QNAN 1.#QNAN 1.#QNAN 1.#QNAN 1.#QNAN 1.#QNAN 1.#QNAN 1.#QNAN 1.#QNAN 1.#QNAN 1.#QNAN 1.#QNAN 1.#QNAN 1.#QNAN 1.#QNAN 1.#QNAN 1.#QNAN 1.#QNAN 1.#QNAN 1.#QNAN 1.#QNAN 1.#QNAN 1.#QNAN 1.#QNAN 1.#QNAN
889 880 852 842 826 816 811 803 800 793 802 787 787 794 795 804 813 836 839 821 812 814 815 816 820 823 824 822 824 832 827 830 831 833 845 871 863 887 908 950 968 1035 1121 1144 1185 1248 1298 1349 1383 1422 1467 1511 1575 1625 1680 1717 1730 1698 1.#QNAN 1.#QNAN 1.#QNAN 1.#QNAN 1.#QNAN 1.#QNAN 1.#QNAN 1.#QNAN 1.#QNAN 1.#QNAN 1.#QNAN 1.#QNAN 1.#QNAN 1.#QNAN 1.#QNAN 1.#QNAN 1.#QNAN 1.#QNAN 1.#QNAN 1.#QNAN 1.#QNAN 1.#QNAN 1.#QNAN 1.#QNAN 1.#QNAN 1.#QNAN 1.#QNAN 1.#QNAN 1.#QNAN
908 889 862 846 835 815 807 806 797 795 800 792 781 793 800 806 824 855 859 860 823 811 815 815 824 828 823 831 829 832 827 834 833 832 838 856 865 875 906 932 970 979 1020 1071 1123 1181 1247 1318 1356 1388 1439 1497 1557 1609 1667 1706 1730 1706 1696 1.#QNAN 1.#QNAN 1.#QNAN 1.#QNAN 1.#QNAN 1.#QNAN 1.#QNAN 1.#QNAN 1.#QNAN 1.#QNAN 1.#QNAN 1.#QNAN 1.#QNAN 1.#QNAN 1.#QNAN 1.#QNAN 1.#QNAN 1.#QNAN 1.#QNAN 1.#QNAN 1.#QNAN 1.#QNAN 1.#QNAN 1.#QNAN 1.#QNAN 1.#QNAN 1.#QNAN 1.#QNAN
905 882 863 852 834 821 807 800 781 773 771 795 782 798 817 826 843 862 879 900 857 815 817 822 828 835 838 839 830 830 823 830 839 858 847 848 861 868 887 913 957 973 994 1010 1050 1123 1182 1275 1310 1354 1408 1478 1540 1594 1651 1704 1720 1702 1683 1.#QNAN 1.#QNAN 1.#QNAN 1.#QNAN 1.#QNAN 1.#QNAN 1.#QNAN 1.#QNAN 1.#QNAN 1.#QNAN 1.#QNAN 1.#QNAN 1.#QNAN 1.#QNAN 1.#QNAN 1.#QNAN 1.#QNAN 1.#QNAN 1.#QNAN 1.#QNAN 1.#QNAN 1.#QNAN 1.#QNAN 1.#QNAN 1.#QNAN 1.#QNAN 1.#QNAN 1.#QNAN
875 865 848 836 825 818 798 786 779 763 774 791 794 819 835 852 873 893 909 885 846 813 820 834 828 833 835 827 832 833 821 831 844 887 877 854 859 866 880 895 928 942 984 1003 1021 1045 1122 1193 1268 1337 1391 1452 1509 1571 1619 1681 1706 1698 1683 1.#QNAN 1.#QNAN 1.#QNAN 1.#QNAN 1.#QNAN 1.#QNAN 1.#QNAN 1.#QNAN 1.#QNAN 1.#QNAN 1.#QNAN 1.#QNAN 1.#QNAN 1.#QNAN 1.#QNAN 1.#QNAN 1.#QNAN 1.#QNAN 1.#QNAN 1.#QNAN 1.#QNAN 1.#QNAN 1.#QNAN 1.#QNAN 1.#QNAN 1.#QNAN 1.#QNAN 1.#QNAN
854 846 836 818 819 804 787 780 773 773 781 794 809 841 867 886 904 919 930 897 834 826 837 847 832 844 824 827 849 829 826 830 852 883 871 862 863 862 873 891 905 916 932 957 975 1058 1111 1167 1254 1329 1386 1448 1499 1537 1592 1653 1680 1694 1681 1.#QNAN 1.#QNAN 1.#QNAN 1.#QNAN 1.#QNAN 1.#QNAN 1.#QNAN 1.#QNAN 1.#QNAN 1.#QNAN 1.#QNAN 1.#QNAN 1.#QNAN 1.#QNAN 1.#QNAN 1.#QNAN 1.#QNAN 1.#QNAN 1.#QNAN 1.#QNAN 1.#QNAN 1.#QNAN 1.#QNAN 1.#QNAN 1.#QNAN 1.#QNAN 1.#QNAN 1.#QNAN
825 822 809 803 808 792 778 776 771 777 791 805 830 867 893 917 938 956 880 849 822 831 833 831 867 838 828 828 832 835 846 827 845 867 850 860 867 863 875 897 915 935 951 983 1023 1058 1113 1157 1231 1302 1372 1434 1484 1525 1574 1624 1656 1680 1679 1.#QNAN 1.#QNAN 1.#QNAN 1.#QNAN 1.#QNAN 1.#QNAN 1.#QNAN 1.#QNAN 1.#QNAN 1.#QNAN 1.#QNAN 1.#QNAN 1.#QNAN 1.#QNAN 1.#QNAN 1.#QNAN 1.#QNAN 1.#QNAN 1.#QNAN 1.#QNAN 1.#QNAN 1.#QNAN 1.#QNAN 1.#QNAN 1.#QNAN 1.#QNAN 1.#QNAN 1.#QNAN
805 793 809 806 795 786 774 773 774 785 809 819 848 890 919 964 978 974 877 828 825 852 837 852 885 861 826 824 847 857 837 835 838 845 848 850 860 863 882 912 931 968 974 1001 1039 1063 1108 1161 1218 1285 1355 1413 1463 1505 1544 1590 1632 1669 1667 1.#QNAN 1.#QNAN 1.#QNAN 1.#QNAN 1.#QNAN 1.#QNAN 1.#QNAN 1.#QNAN 1.#QNAN 1.#QNAN 1.#QNAN 1.#QNAN 1.#QNAN 1.#QNAN 1.#QNAN 1.#QNAN 1.#QNAN 1.#QNAN 1.#QNAN 1.#QNAN 1.#QNAN 1.#QNAN 1.#QNAN 1.#QNAN 1.#QNAN 1.#QNAN 1.#QNAN 1.#QNAN
787 786 792 785 783 774 767 772 783 790 814 839 861 893 906 945 936 987 902 834 850 894 887 853 882 846 820 816 815 822 819 823 832 844 849 850 858 868 889 917 943 998 999 1012 1043 1080 1115 1168 1226 1274 1336 1396 1438 1481 1524 1568 1610 1648 1634 1630 1.#QNAN 1.#QNAN 1.#QNAN 1.#QNAN 1.#QNAN 1.#QNAN 1.#QNAN 1.#QNAN 1.#QNAN 1.#QNAN 1.#QNAN 1.#QNAN 1.#QNAN 1.#QNAN 1.#QNAN 1.#QNAN 1.#QNAN 1.#QNAN 1.#QNAN 1.#QNAN 1.#QNAN 1.#QNAN 1.#QNAN 1.#QNAN 1.#QNAN 1.#QNAN 1.#QNAN
792 791 788 794 780 768 772 779 780 794 809 836 862 902 903 887 916 964 885 859 933 958 957 890 858 816 808 813 808 811 818 815 825 839 851 850 864 873 897 917 941 982 1012 1031 1047 1084 1121 1172 1237 1263 1318 1374 1421 1464 1498 1538 1578 1616 1622 1596 1.#QNAN 1.#QNAN 1.#QNAN 1.#QNAN 1.#QNAN 1.#QNAN 1.#QNAN 1.#QNAN 1.#QNAN 1.#QNAN 1.#QNAN 1.#QNAN 1.#QNAN 1.#QNAN 1.#QNAN 1.#QNAN 1.#QNAN 1.#QNAN 1.#QNAN 1.#QNAN 1.#QNAN 1.#QNAN 1.#QNAN 1.#QNAN 1.#QNAN 1.#QNAN 1.#QNAN
803 798 781 782 787 779 777 778 781 798 815 833 843 856 871 859 874 917 871 843 940 946 894 826 813 811 806 807 817 806 817 808 817 830 844 850 867 871 887 922 946 965 990 1019 1053 1091 1133 1175 1233 1277 1315 1352 1396 1436 1467 1512 1555 1586 1590 1563 1547 1.#QNAN 1.#QNAN 1.#QNAN 1.#QNAN 1.#QNAN 1.#QNAN 1.#QNAN 1.#QNAN 1.#QNAN 1.#QNAN 1.#QNAN 1.#QNAN 1.#QNAN 1.#QNAN 1.#QNAN 1.#QNAN 1.#QNAN 1.#QNAN 1.#QNAN 1.#QNAN 1.#QNAN 1.#QNAN 1.#QNAN 1.#QNAN 1.#QNAN 1.#QNAN
816 816 812 797 807 806 779 789 783 795 811 821 844 858 865 866 908 876 838 839 908 890 864 826 808 810 806 803 805 805 805 802 809 823 848 859 860 869 900 932 944 957 994 1029 1058 1105 1151 1197 1225 1263 1305 1333 1374 1420 1452 1507 1556 1583 1563 1532 1520 1.#QNAN 1.#QNAN 1.#QNAN 1.#QNAN 1.#QNAN 1.#QNAN 1.#QNAN 1.#QNAN 1.#QNAN 1.#QNAN 1.#QNAN 1.#QNAN 1.#QNAN 1.#QNAN 1.#QNAN 1.#QNAN 1.#QNAN 1.#QNAN 1.#QNAN 1.#QNAN 1.#QNAN 1.#QNAN 1.#QNAN 1.#QNAN 1.#QNAN 1.#QNAN
818 809 803 805 803 798 798 795 799 792 810 813 829 855 872 841 862 886 838 830 855 838 852 826 808 803 804 804 805 804 798 800 802 824 849 860 859 880 912 940 951 970 1003 1060 1057 1111 1149 1204 1237 1261 1291 1321 1365 1404 1443 1499 1554 1569 1553 1515 1518 1.#QNAN 1.#QNAN 1.#QNAN 1.#QNAN 1.#QNAN 1.#QNAN 1.#QNAN 1.#QNAN 1.#QNAN 1.#QNAN 1.#QNAN 1.#QNAN 1.#QNAN 1.#QNAN 1.#QNAN 1.#QNAN 1.#QNAN 1.#QNAN 1.#QNAN 1.#QNAN 1.#QNAN 1.#QNAN 1.#QNAN 1.#QNAN 1.#QNAN 1.#QNAN
812 810 812 804 805 797 794 796 805 803 805 831 835 845 877 862 883 885 879 830 821 828 827 818 819 806 804 807 805 803 799 799 799 815 827 842 860 886 904 955 971 995 1026 1120 1131 1122 1150 1191 1220 1253 1282 1318 1358 1404 1446 1508 1553 1551 1541 1494 1.#QNAN 1.#QNAN 1.#QNAN 1.#QNAN 1.#QNAN 1.#QNAN 1.#QNAN 1.#QNAN 1.#QNAN 1.#QNAN 1.#QNAN 1.#QNAN 1.#QNAN 1.#QNAN 1.#QNAN 1.#QNAN 1.#QNAN 1.#QNAN 1.#QNAN 1.#QNAN 1.#QNAN 1.#QNAN 1.#QNAN 1.#QNAN 1.#QNAN 1.#QNAN 1.#QNAN
820 823 835 808 789 786 795 819 811 808 800 810 828 847 863 851 849 852 877 880 829 828 834 810 817 801 798 799 798 801 795 800 804 807 822 840 878 918 942 961 1008 1007 1065 1104 1114 1197 1178 1183 1209 1253 1294 1324 1359 1411 1455 1504 1544 1538 1516 1488 1.#QNAN 1.#QNAN 1.#QNAN 1.#QNAN 1.#QNAN 1.#QNAN 1.#QNAN 1.#QNAN 1.#QNAN 1.#QNAN 1.#QNAN 1.#QNAN 1.#QNAN 1.#QNAN 1.#QNAN 1.#QNAN 1.#QNAN 1.#QNAN 1.#QNAN 1.#QNAN 1.#QNAN 1.#QNAN 1.#QNAN 1.#QNAN 1.#QNAN 1.#QNAN 1.#QNAN
822 834 829 819 805 790 803 812 800 819 822 790 807 831 852 862 832 837 885 857 818 816 814 804 807 808 798 796 797 798 801 796 801 818 827 849 872 907 912 936 966 984 1028 1050 1120 1155 1201 1213 1233 1268 1283 1317 1357 1408 1463 1518 1543 1535 1506 1.#QNAN 1.#QNAN 1.#QNAN 1.#QNAN 1.#QNAN 1.#QNAN 1.#QNAN 1.#QNAN 1.#QNAN 1.#QNAN 1.#QNAN 1.#QNAN 1.#QNAN 1.#QNAN 1.#QNAN 1.#QNAN 1.#QNAN 1.#QNAN 1.#QNAN 1.#QNAN 1.#QNAN 1.#QNAN 1.#QNAN 1.#QNAN 1.#QNAN 1.#QNAN 1.#QNAN 1.#QNAN
830 826 827 823 805 790 805 796 795 797 803 809 808 816 832 861 839 832 862 831 832 814 803 803 809 806 797 798 796 797 803 806 808 833 843 850 874 903 907 937 965 995 1028 1075 1117 1130 1181 1228 1241 1255 1270 1290 1342 1398 1453 1496 1527 1524 1500 1.#QNAN 1.#QNAN 1.#QNAN 1.#QNAN 1.#QNAN 1.#QNAN 1.#QNAN 1.#QNAN 1.#QNAN 1.#QNAN 1.#QNAN 1.#QNAN 1.#QNAN 1.#QNAN 1.#QNAN 1.#QNAN 1.#QNAN 1.#QNAN 1.#QNAN 1.#QNAN 1.#QNAN 1.#QNAN 1.#QNAN 1.#QNAN 1.#QNAN 1.#QNAN 1.#QNAN 1.#QNAN
823 822 821 812 805 801 797 796 805 801 810 818 827 827 826 831 824 817 819 812 811 803 799 795 792 786 792 790 791 797 806 813 822 838 844 860 883 904 918 951 990 1022 1061 1088 1108 1147 1175 1191 1194 1216 1250 1282 1336 1398 1464 1510 1536 1518 1501 1.#QNAN 1.#QNAN 1.#QNAN 1.#QNAN 1.#QNAN 1.#QNAN 1.#QNAN 1.#QNAN 1.#QNAN 1.#QNAN 1.#QNAN 1.#QNAN 1.#QNAN 1.#QNAN 1.#QNAN 1.#QNAN 1.#QNAN 1.#QNAN 1.#QNAN 1.#QNAN 1.#QNAN 1.#QNAN 1.#QNAN 1.#QNAN 1.#QNAN 1.#QNAN 1.#QNAN 1.#QNAN
824 817 810 813 806 806 804 800 808 806 819 833 836 846 840 826 829 826 829 814 809 805 805 796 788 791 789 792 790 799 812 811 819 841 855 871 889 901 923 956 991 1017 1055 1093 1120 1138 1181 1198 1212 1219 1246 1295 1356 1430 1484 1533 1550 1530 1514 1.#QNAN 1.#QNAN 1.#QNAN 1.#QNAN 1.#QNAN 1.#QNAN 1.#QNAN 1.#QNAN 1.#QNAN 1.#QNAN 1.#QNAN 1.#QNAN 1.#QNAN 1.#QNAN 1.#QNAN 1.#QNAN 1.#QNAN 1.#QNAN 1.#QNAN 1.#QNAN 1.#QNAN 1.#QNAN 1.#QNAN 1.#QNAN 1.#QNAN 1.#QNAN 1.#QNAN 1.#QNAN
820 823 817 814 812 812 808 809 811 814 825 833 839 845 839 835 851 852 851 834 816 807 811 803 794 788 788 805 817 803 814 818 820 839 859 864 885 904 933 970 1011 1037 1076 1125 1161 1174 1189 1230 1245 1238 1264 1331 1378 1441 1501 1541 1542 1536 1.#QNAN 1.#QNAN 1.#QNAN 1.#QNAN 1.#QNAN 1.#QNAN 1.#QNAN 1.#QNAN 1.#QNAN 1.#QNAN 1.#QNAN 1.#QNAN 1.#QNAN 1.#QNAN 1.#QNAN 1.#QNAN 1.#QNAN 1.#QNAN 1.#QNAN 1.#QNAN 1.#QNAN 1.#QNAN 1.#QNAN 1.#QNAN 1.#QNAN 1.#QNAN 1.#QNAN 1.#QNAN 1.#QNAN
819 817 821 821 819 813 809 812 810 818 835 840 842 845 843 855 859 857 854 831 819 813 819 816 800 797 795 821 836 800 804 818 823 834 851 862 888 915 958 993 1034 1075 1108 1103 1173 1208 1223 1238 1254 1255 1278 1340 1407 1466 1519 1548 1541 1543 1.#QNAN 1.#QNAN 1.#QNAN 1.#QNAN 1.#QNAN 1.#QNAN 1.#QNAN 1.#QNAN 1.#QNAN 1.#QNAN 1.#QNAN 1.#QNAN 1.#QNAN 1.#QNAN 1.#QNAN 1.#QNAN 1.#QNAN 1.#QNAN 1.#QNAN 1.#QNAN 1.#QNAN 1.#QNAN 1.#QNAN 1.#QNAN 1.#QNAN 1.#QNAN 1.#QNAN 1.#QNAN 1.#QNAN
812 811 815 822 821 820 817 814 822 829 840 845 841 842 854 876 865 865 844 821 811 818 843 816 807 798 818 826 805 821 824 810 836 848 859 877 899 931 964 1001 1037 1084 1119 1143 1184 1212 1240 1250 1258 1277 1318 1380 1432 1503 1556 1575 1561 1.#QNAN 1.#QNAN 1.#QNAN 1.#QNAN 1.#QNAN 1.#QNAN 1.#QNAN 1.#QNAN 1.#QNAN 1.#QNAN 1.#QNAN 1.#QNAN 1.#QNAN 1.#QNAN 1.#QNAN 1.#QNAN 1.#QNAN 1.#QNAN 1.#QNAN 1.#QNAN 1.#QNAN 1.#QNAN 1.#QNAN 1.#QNAN 1.#QNAN 1.#QNAN 1.#QNAN 1.#QNAN 1.#QNAN 1.#QNAN
814 817 814 824 826 825 822 830 844 838 839 843 836 848 859 872 873 854 836 829 813 821 847 846 825 832 865 799 823 866 849 829 870 900 865 887 911 945 974 1006 1045 1099 1126 1169 1188 1218 1236 1249 1279 1307 1363 1415 1454 1500 1561 1580 1560 1.#QNAN 1.#QNAN 1.#QNAN 1.#QNAN 1.#QNAN 1.#QNAN 1.#QNAN 1.#QNAN 1.#QNAN 1.#QNAN 1.#QNAN 1.#QNAN 1.#QNAN 1.#QNAN 1.#QNAN 1.#QNAN 1.#QNAN 1.#QNAN 1.#QNAN 1.#QNAN 1.#QNAN 1.#QNAN 1.#QNAN 1.#QNAN 1.#QNAN 1.#QNAN 1.#QNAN 1.#QNAN 1.#QNAN 1.#QNAN
821 817 810 820 816 828 846 838 843 838 828 844 859 857 865 869 862 846 839 832 822 822 841 859 844 868 858 809 805 870 951 914 940 893 865 895 925 963 997 1038 1067 1105 1142 1186 1210 1231 1259 1259 1293 1333 1377 1430 1464 1510 1571 1586 1575 1.#QNAN 1.#QNAN 1.#QNAN 1.#QNAN 1.#QNAN 1.#QNAN 1.#QNAN 1.#QNAN 1.#QNAN 1.#QNAN 1.#QNAN 1.#QNAN 1.#QNAN 1.#QNAN 1.#QNAN 1.#QNAN 1.#QNAN 1.#QNAN 1.#QNAN 1.#QNAN 1.#QNAN 1.#QNAN 1.#QNAN 1.#QNAN 1.#QNAN 1.#QNAN 1.#QNAN 1.#QNAN 1.#QNAN 1.#QNAN
809 803 805 819 796 812 820 825 823 827 836 859 872 869 873 871 866 848 849 842 847 837 861 862 868 878 821 829 809 843 944 964 957 858 878 909 941 973 1002 1031 1086 1114 1161 1187 1209 1237 1266 1298 1316 1359 1401 1455 1496 1550 1589 1579 1585 1.#QNAN 1.#QNAN 1.#QNAN 1.#QNAN 1.#QNAN 1.#QNAN 1.#QNAN 1.#QNAN 1.#QNAN 1.#QNAN 1.#QNAN 1.#QNAN 1.#QNAN 1.#QNAN 1.#QNAN 1.#QNAN 1.#QNAN 1.#QNAN 1.#QNAN 1.#QNAN 1.#QNAN 1.#QNAN 1.#QNAN 1.#QNAN 1.#QNAN 1.#QNAN 1.#QNAN 1.#QNAN 1.#QNAN 1.#QNAN
798 791 801 786 791 804 809 822 846 854 858 870 880 875 876 877 876 865 867 847 858 850 846 882 878 878 822 861 875 831 929 990 892 857 888 925 945 981 1014 1050 1087 1113 1155 1194 1221 1253 1283 1317 1342 1358 1405 1448 1510 1565 1584 1575 1.#QNAN 1.#QNAN 1.#QNAN 1.#QNAN 1.#QNAN 1.#QNAN 1.#QNAN 1.#QNAN 1.#QNAN 1.#QNAN 1.#QNAN 1.#QNAN 1.#QNAN 1.#QNAN 1.#QNAN 1.#QNAN 1.#QNAN 1.#QNAN 1.#QNAN 1.#QNAN 1.#QNAN 1.#QNAN 1.#QNAN 1.#QNAN 1.#QNAN 1.#QNAN 1.#QNAN 1.#QNAN 1.#QNAN 1.#QNAN 1.#QNAN
776 768 794 790 821 831 826 825 841 866 873 875 878 883 883 886 880 874 876 864 879 872 858 878 906 908 902 887 853 882 913 936 864 862 900 932 960 991 1019 1060 1094 1125 1158 1197 1233 1265 1288 1309 1332 1359 1402 1448 1494 1547 1562 1549 1.#QNAN 1.#QNAN 1.#QNAN 1.#QNAN 1.#QNAN 1.#QNAN 1.#QNAN 1.#QNAN 1.#QNAN 1.#QNAN 1.#QNAN 1.#QNAN 1.#QNAN 1.#QNAN 1.#QNAN 1.#QNAN 1.#QNAN 1.#QNAN 1.#QNAN 1.#QNAN 1.#QNAN 1.#QNAN 1.#QNAN 1.#QNAN 1.#QNAN 1.#QNAN 1.#QNAN 1.#QNAN 1.#QNAN 1.#QNAN 1.#QNAN
766 767 785 804 836 837 840 837 860 878 879 881 885 890 898 893 885 889 889 876 878 874 869 876 924 911 883 893 856 848 873 862 852 877 914 947 986 1011 1035 1073 1107 1140 1179 1205 1233 1268 1298 1321 1354 1374 1412 1463 1508 1542 1535 1520 1.#QNAN 1.#QNAN 1.#QNAN 1.#QNAN 1.#QNAN 1.#QNAN 1.#QNAN 1.#QNAN 1.#QNAN 1.#QNAN 1.#QNAN 1.#QNAN 1.#QNAN 1.#QNAN 1.#QNAN 1.#QNAN 1.#QNAN 1.#QNAN 1.#QNAN 1.#QNAN 1.#QNAN 1.#QNAN 1.#QNAN 1.#QNAN 1.#QNAN 1.#QNAN 1.#QNAN 1.#QNAN 1.#QNAN 1.#QNAN 1.#QNAN
820 822 820 848 846 853 850 835 860 882 885 886 892 898 910 908 902 897 885 881 887 897 889 903 926 910 892 863 822 812 842 824 863 894 935 972 1003 1030 1054 1087 1128 1159 1195 1224 1245 1272 1307 1334 1363 1404 1429 1475 1520 1540 1516 1.#QNAN 1.#QNAN 1.#QNAN 1.#QNAN 1.#QNAN 1.#QNAN 1.#QNAN 1.#QNAN 1.#QNAN 1.#QNAN 1.#QNAN 1.#QNAN 1.#QNAN 1.#QNAN 1.#QNAN 1.#QNAN 1.#QNAN 1.#QNAN 1.#QNAN 1.#QNAN 1.#QNAN 1.#QNAN 1.#QNAN 1.#QNAN 1.#QNAN 1.#QNAN 1.#QNAN 1.#QNAN 1.#QNAN 1.#QNAN 1.#QNAN 1.#QNAN
834 844 852 857 861 856 843 846 860 877 891 899 906 905 917 928 924 906 898 902 912 923 902 907 929 939 922 865 847 829 881 866 897 929 954 998 1023 1049 1071 1103 1135 1169 1199 1230 1252 1274 1297 1331 1361 1395 1433 1473 1502 1510 1482 1.#QNAN 1.#QNAN 1.#QNAN 1.#QNAN 1.#QNAN 1.#QNAN 1.#QNAN 1.#QNAN 1.#QNAN 1.#QNAN 1.#QNAN 1.#QNAN 1.#QNAN 1.#QNAN 1.#QNAN 1.#QNAN 1.#QNAN 1.#QNAN 1.#QNAN 1.#QNAN 1.#QNAN 1.#QNAN 1.#QNAN 1.#QNAN 1.#QNAN 1.#QNAN 1.#QNAN 1.#QNAN 1.#QNAN 1.#QNAN 1.#QNAN 1.#QNAN
