exemple_data/Mbahiensis/Layers_2/bio_5.asc
ncols         264
nrows         360
xllcorner     -45
yllcorner     -17
cellsize      0.041666666666667
NODATA_value  -9999
[rows 259 to 295 of 360, columns 0 to 81 of 264]
37.5 37.6 37.7 37.7 37.8 37.8 37.9 37.9 37.8 37.8 37.8 37.7 37.6 37.4 37.3 37.1 37.1 37.1 37.3 37.4 37.5 38.3 38.9 39 39.3 39.3 40.1 40.2 40.2 40.3 40.4 40.4 40.3 40.2 40.4 40.6 40.5 40.3 40.4 40.4 40.4 40.5 40.5 40.4 40.2 40 39.7 39 38.9 39.3 38.7 37.4 37.1 36.9 38.6 39.2 38.6 39 39.3 39.4 39.3 39.2 39.3 39.1 38.3 35.3 34.5 36.2 35.9 34.9 34.7 33.6 33.2 33 32.8 33.3 34.1 34 33.6 32.6 32.8 32.7
37.7 37.6 37.8 37.7 37.7 37.8 37.8 37.8 37.7 37.8 37.7 37.6 37.5 37.4 37.3 37.1 37.1 37.2 37.4 37.4 37.9 38.4 38.7 38.5 38.6 39.4 40 40.2 40.2 40.3 40.4 40.5 40.4 40.4 40.5 40.5 40.4 40.4 40.4 40.4 40.5 40.5 40.3 40.2 39.8 40 39.6 39.1 38.4 39.2 38 36.7 36.6 36.9 37.5 39 38.7 38.9 39.3 39.5 39.4 39.2 39.3 39.1 38.6 36.9 34.7 36.2 35.6 35 34.2 34 33.5 33 32.6 32.9 33.7 33.9 33.4 32.8 32.6 32.6
37.6 37.5 37.6 37.7 37.9 37.8 37.7 37.7 37.7 37.7 37.8 37.6 37.6 37.5 37.5 37.4 37.3 37.1 37.3 37.7 38.1 38.3 38.6 38.6 38.6 38.8 39.8 40.1 40.2 40.3 40.3 40.5 40.4 40.5 40.4 40.4 40.5 40.4 40.2 40.3 40.6 40.4 40.3 40.1 39.4 39.8 39.7 39.2 37.7 39 38.2 36.6 36.1 36.5 36.5 38.4 38.6 38.9 39.3 39.4 39.5 39.4 39.2 39.1 38.7 38 35.4 35.9 35.6 34.6 33.6 33.8 33.5 33.2 32.9 32.7 32.8 33.7 33.5 32.9 32.4 32.8
37.5 37.5 37.6 37.9 38.1 38.1 37.8 37.7 37.8 38 38 38 37.8 37.6 37.4 37.3 37.1 37 37.4 38.2 38.6 38.8 38.8 39.3 39.4 39.7 39.7 40.1 40.2 40.3 40.3 40.4 40.3 40.3 40.2 40.2 40.4 40.3 40.2 40.4 40.5 40.2 40.1 40.1 39.5 39 39.7 39.2 37.8 38.8 38.2 37.1 35.7 35.8 36.5 38.5 39 38.8 39 39.2 39.3 39.3 39.2 39.1 38.8 38.3 36.9 36 36.2 35 34.1 33.7 32.8 33.3 32.9 33.2 32.8 33.5 33.3 32.9 32.3 33
37.5 37.6 37.7 38 38.3 38.3 38.1 37.8 38.1 38.2 38.1 37.9 37.7 37.6 37.6 37.4 37.3 37.2 37.8 38.5 39.1 39.3 39.5 39.6 39.7 39.9 39.9 40 40.1 40.1 40.1 40.1 40 40 40.1 40.2 40.3 40.2 40.2 40.4 40.2 39.9 39.9 40 39.8 39.4 39.8 39.1 37.1 38.2 38.2 37.2 35.7 35.3 36 38.2 39 39 39.1 39.2 39.2 39.2 39.2 39 38.7 38.4 37.9 36.8 36.1 34.9 34.6 33.8 32.5 32.3 32.8 33 33.1 32.9 33.1 32.8 32.4 32.9
37.8 37.9 37.9 38 38.1 38.4 38.3 38.2 38.3 38.1 37.8 37.7 37.6 37.7 37.6 37.5 37.4 37.8 38.2 38.6 39 39.3 39.4 39.5 39.5 39.6 39.7 39.7 39.9 39.9 39.8 39.9 39.7 39.8 39.9 40.2 40.3 40.2 40.3 40.2 40 39.8 39.8 39.8 39.8 40 39.9 38.8 36.6 37.7 38.2 37.3 35.9 35.4 36 38.1 38.9 39.2 39.2 39.1 39.1 39.2 39.1 39 38.8 38.6 38.1 37.1 36.1 34.8 34.7 33.6 32.6 31.8 32.1 32.6 32.8 32.2 33.6 32.7 32.6 32.9
37.8 37.6 37.5 37.7 37.9 38.1 38.4 38.3 38.3 38.1 37.8 37.6 37.6 37.6 37.5 37.5 37.5 37.9 38.3 38.7 39 39.3 39.4 39.3 39.4 39.5 39.5 39.6 39.7 39.6 39.8 39.9 39.9 39.8 40 40.3 40.3 40.3 40.3 40.1 39.9 39.9 39.8 39.7 39.8 39.8 39.9 39.5 37.8 37 38.3 37.9 36.5 35.9 36 38.2 38.8 38.9 38.9 38.9 39 38.9 39 39 38.8 38.6 38.3 37.8 36.8 35.2 34.2 33.9 33 32.2 31.9 32.1 32.5 32.6 33.7 33.4 32.1 32.9
37.4 37.5 37.8 38 38 38 38.2 38.3 38.3 38.2 38 37.7 37.7 37.6 37.5 37.4 37.5 37.8 38 38.4 38.7 39.1 39.2 39.1 39.3 39.5 39.6 39.8 39.8 39.7 39.7 39.9 40 40 40 40.2 40.2 40.2 40.2 40 40 39.8 39.6 39.7 39.8 39.8 39.7 39.8 39 37 38 38.3 37 35.7 36.3 37.9 38.2 38.2 38.7 38.7 38.7 38.7 38.9 38.9 38.9 38.5 37.5 37.3 37.3 34.9 34.3 33.6 33.6 33 32.4 32.6 32.8 32.2 33 34 32.4 33.1
37.7 37.9 37.9 37.8 37.5 37.7 38 38.2 38.4 38.6 38.2 37.9 37.6 37.4 37.3 37.3 37.6 38 38.2 38.6 38.7 39.1 39.4 39.4 39.4 39.4 39.6 39.8 39.8 39.9 39.7 39.8 39.9 40 40 40 40 40 40.1 39.9 40 39.9 39.7 39.7 39.8 39.8 39.5 39.6 39.3 37.2 37.4 38.2 37.4 35.8 35.8 37.6 37.8 37.7 38.5 38.5 38.5 38.6 38.9 38.7 38.8 38.4 36.5 36.1 37 36 35.3 33.1 33.1 33.3 33 32.5 32.5 32.3 33.9 33.9 33.7 33.5
37.5 37.4 37.4 37.5 37.7 37.9 38 38.1 38.4 38.7 38.6 38.3 37.7 37.4 37.2 37.3 37.7 38 38.5 38.8 39 38.9 39.2 39.5 39.5 39.7 39.5 39.6 39.7 39.9 39.8 39.8 39.8 39.7 39.7 39.8 39.8 39.9 39.9 39.8 39.8 39.8 39.7 39.7 39.7 39.6 39.3 39.3 39.4 38.1 36.9 37.9 37.5 36.6 35.6 37.4 37.6 37 38.3 38.5 38.6 38.7 38.8 38.7 38.7 38.2 36.2 35.3 35.8 35.6 35 33.1 32.8 32.8 33.7 32.3 32.1 33.2 33.7 35.1 34.8 34.1
37 37.1 37.6 37.7 37.7 37.7 37.8 37.9 38.2 38.6 38.7 38.4 38 37.7 37.7 37.4 37.8 38.1 38.4 38.6 39 39.2 38.9 39 39.4 39.7 39.7 39.6 39.7 39.7 39.6 39.7 39.7 39.6 39.6 39.9 39.9 39.9 39.9 39.8 39.7 39.6 39.5 39.6 39.5 39.2 39.2 39.3 38.9 38.1 37.1 37.8 37.5 36.4 35.6 37.1 37 36.5 38.1 38.4 38.5 38.7 38.6 38.5 38.5 38 36.1 34.6 34.6 34.6 35 33 31.4 31.1 33 33.9 32.1 33.2 33.5 35.5 35.6 35
37.3 37.5 37.4 37.4 37.4 37.5 37.7 38 38.2 38.3 38.8 38.6 38.4 38.3 38.3 37.8 37.9 38.3 38.4 38.8 39 39.3 38.9 39 39.4 39.6 39.8 39.6 39.5 39.5 39.5 39.6 39.7 39.8 39.9 40.1 40 39.9 39.9 39.8 39.6 39.5 39.5 39.5 39.5 39 39.3 39.2 38.7 38 37 37.4 37.3 36.5 35.9 36.9 36.4 36.3 37.7 38.2 38.3 38.4 38.3 38.4 38.5 37.9 36.8 35.5 34.5 34.3 34.8 34.6 33.2 31.2 31.4 33.8 33.5 33 34.1 35.3 35.9 35.9
37.1 37.1 37.2 37.5 37.6 37.7 37.8 38.1 38 38.4 38.8 38.7 38.7 38.8 38.6 38.2 38.4 38.6 38.6 38.8 39.4 39.2 39.3 39.5 39.6 39.6 39.7 39.6 39.3 39.4 39.6 39.7 40 40.2 40.3 40.3 40 39.8 39.8 39.7 39.7 39.5 39.4 39.5 39.4 38.8 39.2 38.9 38.1 38 36.8 37 37.3 36.4 36 36.7 35.9 35.9 37.5 38.1 38.3 38.2 38 38.3 38.4 37.8 36.9 36.1 35.7 33.9 33 34.4 33.8 32.3 29.7 32.1 33.9 34.8 34.5 35.1 35.1 36
37 37.2 37.4 37.7 37.8 37.8 37.9 38 38.1 38.4 38.7 38.9 38.8 39.3 39.1 38.9 39.1 39.3 39.3 39.5 39.6 39.5 39.5 39.4 39.3 39.2 39.4 39.4 39.3 39.5 39.7 40 40.1 40.3 40.3 40.3 39.9 39.7 39.9 39.7 39.7 39.5 39.5 39.5 39.5 39 39.1 38.8 37.5 36.3 36.4 36.7 37 36.7 36 36.5 36.3 35.3 37.1 38.2 38.4 38.2 37.9 38.1 38.2 37.9 36.2 35.5 36.6 34.6 32.7 33.1 34 33 30.3 30.4 33.2 34.5 34.9 35.8 35.3 36.2
37.4 37.6 37.8 37.8 37.8 37.7 37.6 37.8 37.8 38 38.4 38.6 38.8 39.1 39.4 39.5 39.5 39.6 39.7 39.8 39.8 39.5 39.5 39.3 39.3 39.1 39.4 39.2 39.2 39.5 39.7 40 40.1 40.2 40.3 40.3 39.9 39.6 39.8 39.7 39.6 39.4 39.4 39.4 39.4 38.9 38.9 38.7 37.8 36.3 35.9 36.1 36.5 36.8 36.7 36.8 36.5 35.3 36.7 37.9 37.9 37.9 37.8 37.8 37.9 38 36.7 35.5 36.4 35.5 33.8 32.7 33.2 33.1 31.9 31.2 32.4 33 34.2 34.8 36 36.1
37.8 37.7 37.7 37.6 37.6 37.5 37.6 37.8 38.1 38.3 38.8 38.9 38.9 39 39.2 39.2 39.2 39.4 39.4 39.1 39.1 38.8 38.8 39 39 39.2 39.1 38.9 38.9 39.4 39.6 39.8 40 40.2 40.2 40.2 39.8 39.4 39.7 39.6 39.4 39.3 39.3 39.2 38.6 38 38.6 38.7 38.5 37.1 35.5 35.7 36.1 36.1 36.6 37 36.7 35.9 36.3 37.2 36.9 37.3 37.8 37.9 38 37.9 37.2 36.4 36.1 36.3 34.6 32.9 32.2 32.9 32.8 31.9 31.7 32.7 32.6 33.4 35.2 36.4
37.4 37.4 37.5 37.6 37.6 37.6 37.7 37.9 38.4 38.6 38.6 38.6 38.4 38.6 38.6 38.3 39.1 39.5 39 38.3 38.5 38.4 38.3 38.6 38.8 38.9 38.6 37.9 37.8 39.2 39.6 39.8 40 40.2 40.2 40.1 39.7 39.5 39.6 39.4 39.3 39.1 39.1 39.1 38.5 38.2 38.4 38.7 38.5 37.9 35.5 35.3 35.7 35.7 36.3 37 36.7 36.4 36.5 36.9 36.8 37 37.8 37.7 37.7 37.7 37.3 36.1 35.1 35.6 34.7 33.5 31.7 32.6 33.3 33.3 32.3 35.5 34.7 33.1 35.2 36.3
37.4 37.6 37.7 37.6 37.8 37.8 38 38.1 38.1 38.1 38.2 38.2 38.1 38 38.1 38.3 39.1 39.5 38.6 38.1 38.1 38.1 37.9 38.1 38.5 38.5 38.2 37.6 37.4 38.9 39.6 39.8 40 40.1 40.1 40 39.6 39.4 39.4 39.4 39.3 39.2 39.1 39.1 38.4 37.7 38.2 38.5 38.1 37.8 36 34.8 35.2 35.8 36.3 36.6 36.7 36.7 36.5 36.8 36.7 36.9 37.2 36.8 36.9 37.2 37.7 37.2 35.3 34.6 34.8 33.7 31.4 31.5 32.6 33.5 33.4 35.6 36 35.1 36 36.6
37.8 37.8 37.9 37.9 38 37.9 37.9 37.7 37.8 37.8 37.8 38 38.1 37.9 37.9 38.3 39.4 39.3 38.5 37.9 37.7 37.8 37.7 37.8 38.2 37.9 37.5 37.4 37.8 39.1 39.5 39.8 40 40 40 39.7 39.5 39.6 39.5 39.4 39.4 39.4 39.2 39.1 38.9 38.5 38.5 37.9 38 37.5 36.5 35 35.2 36 36.3 36 36.1 36.2 36 36.4 36.6 36.4 35.7 35.2 35.7 36.9 37.7 37.6 36 35 34.1 34.5 33.1 34 33.5 33.2 33.7 35 36.3 36 36.3 36.3
37.9 38 38 38 37.9 37.8 37.8 37.7 37.7 37.7 37.8 37.9 38.6 38.7 39 39.1 39.2 39.2 38.1 37.7 37.5 37.6 37.5 37.8 37.5 37.3 37 37.2 37.7 39 39.5 39.7 39.8 39.8 39.7 39.5 39.6 39.9 39.7 39.4 39.4 39.3 39.3 39.2 38.9 38.8 38.2 38.2 38 37.7 37 35.9 35.1 35.9 36 35.7 35.3 35 35.6 36 36.2 36 35.3 34.8 34.7 35.4 36.5 37.7 37 35.8 34.7 35.1 35.1 36.6 37.2 36.1 34.7 34.4 35.8 36.5 36.1 36.2
37.9 37.8 37.9 37.9 37.7 37.7 37.7 37.7 37.8 37.9 38 38 38.8 38.9 38.2 38.1 38.6 38.9 38 37.7 37.3 37.4 37.5 37.3 36.9 36.8 36.9 37.2 38.2 39.1 39.5 39.6 39.7 39.8 39.5 39.3 39.5 39.8 39.8 39.6 39.4 39.1 39.1 39.2 38.9 38.7 38.6 38.5 37.4 37.6 37.4 36.9 35.1 35.4 35.9 35.8 35.2 35.2 35.1 35.6 35.9 35.7 35.1 34.4 34.3 34.6 35.1 36.7 37.1 37.3 36 35.8 34.7 37 37.5 37.7 36.6 34.2 34 35.7 36.3 36.4
37.7 37.7 37.7 37.7 37.7 37.8 37.8 37.8 37.8 38.1 38.3 38.4 38.5 38.3 38 37.6 38 38.4 37.8 37.6 37.3 37.1 37.1 37.1 37 37.1 37.3 37.5 38.5 39.4 39.6 39.6 39.6 39.7 39.4 39.2 39.3 39.4 39.5 39.5 39.3 39.1 39 39.1 38.9 38.8 38.7 38.3 37.9 37.4 37.3 37.1 36.2 35.1 35.2 35.8 35.6 35.3 35 35.4 35.7 35.5 34.9 34.1 34.4 35 34.8 35 35.3 37.1 37.6 37.2 35.2 37.1 37.6 37.7 37.5 36.5 34.5 34.2 36.2 36.4
37.5 37.5 37.6 37.6 37.6 37.6 37.8 38 38 37.9 37.9 37.9 37.9 37.9 38 37.3 37.5 37.7 37.7 37.3 36.9 36.8 37.1 37.5 37.5 37.4 37.9 38.1 39.1 39.5 39.7 39.7 39.7 39.6 39.3 39.2 39.3 39.3 39.2 39 38.9 38.9 39 39 38.9 38.9 38.8 38.5 37.8 37.5 36.8 36.4 36.7 35.7 35.2 35.5 35.6 35.4 35.4 35.5 35.5 35.3 34.9 34.2 34.6 35.7 36.5 35.9 36.5 37 37.7 37.8 37.5 37.6 37.7 37.7 37.6 37.3 36.2 33.2 34.7 35.8
37.2 37.5 37.8 37.9 37.9 37.9 37.9 37.9 37.9 37.9 37.8 37.8 37.8 38.1 37.9 37.4 37.1 37.1 37.6 37.6 37.1 36.8 37.5 38 38.1 38.1 38.8 39.2 39.5 39.6 39.7 39.7 39.6 39.4 39.1 39.2 39.3 39.3 39 38.9 38.9 38.8 38.9 38.9 38.9 38.9 38.7 38.4 38.3 38.1 37.3 36.4 36.5 36.4 36.2 35.7 35.3 35.6 35.3 35 35.2 35.2 34.9 34.2 34.5 35.9 37.1 37.3 37.4 37.4 37.5 37.7 37.5 37.5 37.7 37.8 37.6 37.5 36.9 35 33.1 35
37.4 37.6 37.7 37.8 38 37.9 37.8 37.8 37.8 37.7 37.7 37.7 37.8 38.1 37.8 37.5 37 36.9 37 37.4 37.4 37 37.3 38.4 38.4 38.9 39.2 39.4 39.5 39.6 39.6 39.6 39.6 39.3 39.1 39.2 39.2 39 38.8 38.8 38.9 38.9 38.9 38.7 38.7 38.8 38.6 38.5 38.5 38.4 38 37.5 36.8 36.6 36.7 35.8 34.7 35.4 34.9 34.6 34.6 34.9 35 34.5 34.6 35.1 35.5 36.2 36.7 36.9 37.4 37.6 37.1 36.4 37 37.4 37.2 37.4 37.4 36.7 34.8 34.2
37.7 37.7 37.9 37.9 37.9 37.9 37.8 37.7 37.7 37.6 37.7 37.6 37.8 37.9 37.9 37.6 37.2 36.9 37.4 37.6 37.5 37.3 37.6 38.4 38.9 39 39.2 39.5 39.5 39.4 39.5 39.5 39.5 39.2 39.1 39.2 39.3 39.2 39 38.8 38.9 38.9 38.9 38.8 38.7 38.6 38.5 38.5 38.5 38.4 38.3 37.9 36.9 36.9 36.8 35.7 34.5 35.2 35.1 34.6 34.2 34.6 34.9 34.6 34.3 35 35.7 35.9 37 36.9 37.1 37.4 37.1 37.1 36.6 36.6 36.3 36.8 37.4 37.2 36.8 35.1
38 38 38 38.1 37.9 37.8 37.8 37.8 37.6 37.5 37.5 37.5 37.6 37.6 37.7 37.5 37.3 37.1 37.5 37.6 37.5 37.3 37.8 38.8 38.9 39 39.2 39.4 39.4 39.4 39.5 39.5 39.5 39.1 39.1 39.2 39.1 39 39 38.9 38.9 38.9 38.9 38.7 38.6 38.6 38.6 38.6 38.6 38.5 38.4 38.3 37.5 37.6 36.9 35.3 34.7 34.8 34.9 34.9 34.5 34.6 34.9 34.8 34.4 34.5 34.9 35.7 37 37.1 37.2 37.3 37.3 37 37.2 37 36.2 37.1 37.6 37.4 37 35.7
38.1 38.1 38.1 37.9 37.9 37.8 37.7 37.8 37.9 37.9 37.7 37.7 37.7 37.6 37.6 37.5 37.4 37.5 37.7 37.9 37.6 38.1 38.6 39 39.1 39.1 39.2 39.2 39.3 39.3 39.4 39.4 39.3 39 39.1 39.1 39 39 39 39 38.9 38.9 38.9 38.8 38.7 38.6 38.5 38.5 38.6 38.5 38.5 38.4 37.9 37.5 36.5 35.6 34.3 34.6 34.5 34.8 34.9 34.9 34.6 34.4 34.3 34.7 35.1 35.9 37.3 37.3 37.2 37.5 37.4 37.2 37.5 37.5 37.3 37.5 37.4 37.5 37 35.1
38.1 38.1 38.1 37.8 37.9 38 38 37.9 38.1 38.1 37.9 37.8 37.9 37.8 37.6 37.6 37.6 37.6 38.1 38.5 38.4 38.5 39 39.2 39.2 39.1 39.2 39.2 39.3 39.2 39.3 39.2 39.1 38.9 39 38.9 38.9 38.9 39 39.1 39 38.9 38.9 38.8 38.8 38.6 38.5 38.5 38.4 38.4 38.4 38.4 38.2 37.5 36.4 35.9 34.6 34.7 34.5 34.6 34.6 34.9 34.3 34.1 34.7 35.1 36 36.7 37.4 37.5 37.3 37.4 37.6 37.1 37 37.5 37.7 37.7 37.6 37.4 36.9 35.2
38.1 38.2 38 38 38.3 38.3 38.3 38.2 38.2 38.2 38 37.9 38 37.9 37.9 38 38.2 38.2 38.5 38.8 38.8 38.8 38.9 39.1 39.2 39.2 39.2 39.3 39.2 39.1 39.1 39 38.9 38.9 39 38.8 38.7 38.8 38.9 39 39 38.9 38.9 38.7 38.6 38.6 38.6 38.6 38.3 37.8 38.2 38.3 38.2 38 37.6 36.2 35.1 34.7 34.4 34.3 34.5 34.8 34.3 34.1 34.5 35.4 36.4 37.3 37.5 37.6 37.6 37.6 37.7 37.4 37.4 37.4 37.6 37.6 37.4 37.3 37 35.7
38.1 38.1 37.9 38.1 38.4 38.5 38.5 38.4 38.5 38.1 38 37.9 38 38.2 38 38 38.5 38.6 38.6 38.8 38.9 38.9 39.1 39.2 39.2 39.2 39.2 39.2 39.1 39.1 39.1 39 38.7 38.9 38.9 38.8 38.6 38.6 38.7 38.9 39 38.9 38.9 38.6 38.4 38.5 38.6 38.6 38.5 38.2 38.2 37.9 38 38.1 37.6 35.9 35.3 34.7 34.2 34.1 34.8 35.1 34.7 34.7 35.2 35.7 36.7 37.3 37.6 37.7 37.6 37.7 37.7 37.5 37.6 37.4 37.5 37.4 37.2 37.1 37 36.8
38 37.9 38 38.3 38.5 38.6 38.5 38.5 38.5 38.3 38.1 38.2 38.1 38.2 38 38.3 38.6 38.8 38.8 38.9 39 39 39.1 39.1 39.2 39.2 39.2 39.1 39 39 39.1 39 38.7 38.9 38.9 38.8 38.7 38.7 38.7 38.8 38.9 38.8 38.6 38.5 38.4 38.4 38.5 38.5 38.4 38.4 38.4 37.9 37.9 38 37.7 35.7 35.1 34.4 34.2 33.8 33.8 35.6 35.3 35 35.7 36.4 37 37.4 37.7 37.6 37.5 37.4 37.3 36.8 36.4 37.2 37.3 36.8 36.2 35.8 37 36.8
37.8 38 38.3 38.4 38.4 38.4 38.5 38.6 38.5 38.3 38.3 38.4 38.3 38.1 38.1 38.5 38.7 38.7 39 39.1 39.1 39.1 39.1 39.1 39.1 39.2 39.2 39.1 38.9 39 39.1 38.9 38.9 38.9 38.9 38.8 38.9 38.7 38.7 38.8 38.7 38.7 38.5 38.2 38.3 38.3 38.4 38.4 38.2 38.3 38.4 38.2 38.1 37.9 37.7 36.1 35.3 34.3 34.3 34 33.8 35.7 36 35.7 36 36.7 37.1 37.4 37.4 37.2 37.3 36.5 36.3 35.9 36 36.9 36.9 36.3 34.6 35.3 37 36.7
37.5 38 38.4 38.5 38.5 38.5 38.6 38.7 38.7 38.4 38.5 38.5 38.2 38.1 38.6 38.8 38.9 38.9 38.9 39.1 39.1 39.1 39.1 39.1 39.2 39.1 39.1 39 38.9 39 39.1 38.9 38.9 39 38.9 38.9 39 38.8 38.7 38.8 38.6 38.6 38.5 38.3 38.4 38.3 38.4 38.4 37.9 38.1 38.3 38.3 38.1 37.9 37.7 37 35.5 34.4 34.5 33.9 34.1 35.6 36.3 36.5 36.7 37.1 37.2 37 36.8 36.8 36.5 36.1 35.9 36.3 36.5 36.5 36.6 35.8 33.8 36 36.8 36.8
37.2 37.9 38.6 38.6 38.5 38.4 38.5 38.5 38.7 38.8 38.6 38.6 38.4 38.5 38.9 39 39.1 39.1 39 39.1 39.2 39.1 39.1 39 39.1 39 39 39 39 39 39 38.8 38.9 39 39 39 39 39 38.8 38.7 38.7 38.5 38.4 38.3 38.2 38.1 38.2 38.3 38.2 38.2 38.2 38.1 38 37.9 37.7 36.8 35.5 35.4 34.9 34 34.6 35.6 35.9 36.1 36.7 37 37 36.4 36.3 36.4 35.9 35.7 36.2 36.7 36.9 36.9 37 36.4 35.7 36.8 36.9 36.3
37.9 38.4 38.5 38.5 38.3 38.4 38.6 38.7 38.6 38.8 39 39 38.9 38.9 39 38.9 39 39 39 39.2 39.2 39.1 39.1 39 39 39 39 39 38.9 39.1 39 39 39 39.1 39.1 39 39 39 38.8 38.8 38.8 38.6 38.2 37.9 36.7 36.9 37.7 37.9 38.1 38.2 38.1 38 37.9 37.8 37.4 36.8 36.1 35.8 35 34.4 34.6 35.2 35.3 36 36.6 37 36.5 35.8 35.8 36 35.9 36.2 36 36.7 37 37 37 37.1 37.1 36.9 36.8 36.5
38.3 38.3 38 38.3 38.3 38.5 38.5 38.4 38.4 38.6 38.7 38.9 39.1 38.8 38.3 37.9 38.4 39 39.2 39 38.9 38.9 38.9 39 39 39 39.1 39 38.9 39 39 39.1 39.1 39.1 39 39 39 38.8 38.7 38.7 38.8 38.7 38.2 37.8 36.3 35 35.6 36.8 37.5 37.8 37.9 37.6 37.7 37.5 36.8 36.7 35.9 35.8 34.3 34.1 34.9 35.5 35.9 36.3 36.7 36.8 36 35.9 36.2 36.3 36.4 36.6 36.4 36.7 36.9 37.1 37 37.1 36.9 36.4 36 35.9
