exemple_data/Mbahiensis/Layers_2/bio_5.asc
ncols         264
nrows         360
xllcorner     -45
yllcorner     -17
cellsize      0.041666666666667
NODATA_value  -9999
[rows 37 to 73 of 360, columns 0 to 81 of 264]
37.7 37.7 37.8 37.9 37.9 37.9 38 38 37.9 38 37.9 37.9 37.9 38 37.9 37.8 37.8 38 38.1 37.9 37.7 37.6 37.5 37.6 37.9 38 38.1 38.1 37.9 38 37.9 37.7 37.6 37.5 37.4 37.4 37.4 37.4 37.4 37.5 37.6 37.6 37.5 37.5 37.5 37.6 37.6 37.7 37.7 37.7 37.8 37.7 37.6 37.6 37.6 37.5 37.5 37.6 37.8 37.3 37.1 37.1 37.2 37.6 37.7 37.5 37.4 37.5 37.2 37 37 37.2 37.3 37.5 37.7 37.5 37.4 37.2 36.7 36.5 36.4 36.6
37.7 37.8 37.8 38 38 38 38 38 38 38 38 37.9 38 38.1 38 38 37.9 37.9 37.9 37.8 37.8 37.7 37.6 37.7 37.8 37.9 38 38.2 38.1 38.1 37.9 37.8 37.9 37.9 37.7 37.6 37.5 37.5 37.5 37.5 37.6 37.6 37.5 37.5 37.5 37.7 37.8 37.9 37.8 37.9 38 37.8 37.7 37.7 37.7 37.7 37.7 37.8 37.6 37.4 37.2 37.2 37.4 37.7 37.7 37.5 37.5 37.5 37.3 37.4 37.5 37.6 37.7 37.9 37.6 37.2 37 37.1 36.9 36.7 36.5 36.8
37.8 37.9 37.8 38 38 38.1 38.1 38 38 38 38.1 38.2 38.1 38.2 38.3 38.2 38.1 38 37.9 37.9 37.8 37.6 37.6 37.7 37.8 37.8 37.8 38.2 38.2 37.9 37.7 37.8 38.1 38.1 38 37.9 37.7 37.6 37.7 37.7 37.7 37.7 37.7 37.7 37.7 37.9 38.1 38.2 38 37.9 37.9 37.9 37.8 37.9 37.9 38 38 38 37.8 37.4 37.4 37.6 37.9 37.9 37.8 37.6 37.5 37.5 37.5 37.8 37.7 37.5 37.8 38.1 37.8 37.4 37.1 36.9 36.9 37 36.9 36.9
37.9 38 38 38 38 38.1 38.2 38 38 38.1 38.1 38.3 38.2 38.3 38.3 38.3 38.2 38.2 38.2 38.2 38.1 37.8 37.7 37.8 37.9 37.8 37.9 38.3 38.3 37.8 37.7 37.9 38.1 38.1 38 38.1 37.9 37.8 37.9 37.8 37.8 37.8 37.9 38.1 38.2 38.1 38.4 38.4 38.1 37.9 37.9 37.9 37.9 38.1 38 38 37.9 38 38 37.7 37.6 37.9 37.9 38 38 37.7 37.6 37.6 37.7 37.8 37.7 37.9 38 38.2 38.1 37.8 37.5 37.3 37.3 37.3 37.1 37
38 38.1 38 38 38.1 38.2 38.2 38.2 38.2 38.2 38.2 38.4 38.4 38.5 38.4 38.3 38.3 38.3 38.4 38.4 38.3 38.1 38.1 38 38 37.9 38 38.2 38.3 38 37.9 37.9 38 38 37.9 38.1 38.2 38.2 38.1 37.9 37.8 37.9 38 38.2 38.3 38.2 38.4 38.3 38.1 38.3 38.2 38.1 38 38.1 38.2 38.2 38 38 37.9 37.8 37.9 37.9 37.7 37.9 38.1 37.7 37.5 37.6 37.6 37.7 37.9 38.1 38.3 38.2 38.2 38.2 38.1 37.8 37.7 37.6 37.3 37.2
38.2 38 37.8 38 38.1 38.2 38.3 38.4 38.4 38.4 38.4 38.5 38.5 38.5 38.5 38.5 38.4 38.4 38.4 38.4 38.3 38.4 38.5 38.4 38.2 38 38 38.2 38.4 38.3 38.1 38 38.1 38 37.9 38.1 38.4 38.5 38.4 38.2 38.1 38 38 38.1 38.3 38.3 38.3 38.2 38.2 38.4 38.4 38.1 38.1 38.3 38.6 38.6 38.4 38.3 38 37.8 37.9 37.8 37.8 37.9 37.9 37.6 37.5 37.5 37.6 37.7 38.2 38.4 38.5 38.5 38.5 38.5 38.3 38 37.6 37.6 37.4 37.1
38.2 38 37.9 38.2 38.4 38.3 38.4 38.5 38.5 38.6 38.6 38.7 38.7 38.5 38.6 38.5 38.6 38.6 38.5 38.5 38.5 38.6 38.8 38.7 38.4 38 38.3 38.5 38.6 38.4 38.3 38.1 38.2 38.1 38 38.2 38.3 38.4 38.4 38.3 38.4 38.2 38.1 38.1 38.3 38.4 38.3 38.3 38.2 38.3 38.2 38.2 38.2 38.5 38.7 38.9 38.8 38.5 38.2 37.9 37.8 37.8 37.9 37.8 37.7 37.7 37.8 37.8 37.9 38 38.5 38.7 38.7 38.6 38.5 38.6 38.5 38.1 37.9 37.8 37.6 37.5
38.2 38.1 38.3 38.6 38.7 38.6 38.6 38.6 38.6 38.7 38.8 38.9 38.9 38.8 38.8 38.8 38.8 38.8 38.8 38.8 38.7 38.6 38.8 38.8 38.4 38.2 38.4 38.8 38.6 38.6 38.4 38.1 38.1 38.1 38 38.2 38.2 38.2 38.2 38.1 38.3 38.2 38.2 38.2 38.3 38.4 38.4 38.3 38.3 38.3 38.3 38.2 38.2 38.4 38.7 38.9 38.9 38.7 38.3 37.9 37.7 37.7 37.8 37.7 37.8 38 38.2 38.3 38.3 38.3 38.7 38.8 38.8 38.7 38.6 38.7 38.6 38.2 38.1 38 37.9 37.8
38.3 38.4 38.7 38.8 38.9 38.7 38.7 38.7 38.7 38.8 39 39.1 39.1 39 38.8 38.8 38.8 38.9 39 39 38.9 38.9 38.8 38.7 38.4 38.2 38.6 38.8 38.6 38.7 38.5 38.2 38 38 38 38.1 38.2 38.1 38 38.1 38.3 38.2 38.2 38.3 38.3 38.3 38.4 38.3 38.4 38.5 38.5 38.2 38.3 38.4 38.7 38.7 38.7 38.7 38.2 37.9 37.8 37.7 37.7 37.8 38 38.2 38.5 38.7 38.5 38.4 38.7 38.9 38.9 38.8 38.6 38.6 38.7 38.5 38.3 38.3 38.2 37.9
38.6 38.7 38.9 38.9 38.9 38.8 38.9 38.9 38.8 38.9 39.2 39.3 39.2 38.9 38.8 38.9 38.9 39.1 39.1 39.1 39.1 38.9 38.8 38.7 38.5 38.3 38.5 38.6 38.5 38.5 38.7 38.4 38.2 38 38 38.1 38.3 38.3 38.2 38.2 38.3 38.3 38.3 38.3 38.2 38.2 38.3 38.3 38.3 38.5 38.6 38.6 38.6 38.7 38.6 38.6 38.4 38.4 38.2 37.9 37.9 37.9 37.9 38 38.1 38.4 38.7 38.8 38.6 38.5 38.8 38.9 39 38.9 38.7 38.6 38.5 38.5 38.6 38.5 38.2 38.1
38.8 38.9 38.9 39 38.9 38.8 38.9 39 39 39.2 39.5 39.5 39.3 39 38.9 39 39.1 39.3 39.3 39.2 39.1 39 38.7 38.7 38.7 38.5 38.2 38.3 38.5 38.7 38.7 38.7 38.4 38.3 38.2 38 38.2 38.3 38.2 38.3 38.4 38.4 38.5 38.3 38.2 38.2 38.2 38.2 38.4 38.6 38.7 38.8 38.8 38.7 38.6 38.7 38.6 38.4 38.2 38 38 38 38.1 38.3 38.4 38.4 38.5 38.5 38.4 38.3 38.7 39 39.1 39.1 38.9 38.4 38.1 38.1 38.4 38.4 38.2 38.2
38.8 38.9 38.9 39 38.8 39 39.1 39.1 39.1 39.2 39.5 39.5 39.4 39.1 39 39.2 39.2 39.4 39.5 39.3 39.1 39.1 38.8 38.7 38.7 38.6 38.3 38.2 38.3 38.6 38.7 38.5 38.6 38.7 38.5 38.2 38.3 38.4 38.3 38.4 38.6 38.4 38.5 38.6 38.5 38.4 38.3 38.3 38.6 38.9 39 39.1 38.9 38.6 38.5 38.6 38.7 38.4 38.4 38.2 38.1 38.1 38.2 38.4 38.6 38.6 38.7 38.7 38.3 38.2 38.5 38.6 38.8 39.1 38.6 38.2 37.9 38 38.3 38.3 38.2 38.1
38.9 38.9 39 39 39 39.2 39.2 39.2 39.2 39.2 39.4 39.3 39.2 39.1 39.1 39.3 39.4 39.5 39.5 39.3 39.2 38.9 38.7 38.7 38.6 38.6 38.6 38.4 38.3 38.5 38.5 38.4 38.5 38.7 38.7 38.5 38.4 38.4 38.4 38.5 38.6 38.7 38.7 38.7 38.6 38.5 38.6 38.6 38.8 39 39.1 39.1 38.8 38.5 38.5 38.7 38.7 38.5 38.3 38.2 38.2 38.3 38.4 38.5 38.6 38.9 39 39.1 38.8 38.3 38.1 38.1 38.7 38.9 38.3 38 37.9 37.9 37.9 38.1 38.3 38.6
39 39 39.1 39.2 39.2 39.3 39.2 39.3 39.4 39.4 39.4 39.3 39.2 39.3 39.3 39.3 39.4 39.5 39.4 39.4 39.4 39.3 39 38.8 38.6 38.7 38.6 38.4 38.4 38.4 38.4 38.4 38.5 38.7 38.7 38.6 38.4 38.4 38.5 38.6 38.7 38.9 38.8 38.7 38.6 38.6 38.6 38.7 38.9 39.1 39.2 39 38.8 38.6 38.5 38.6 38.5 38.5 38.4 38.3 38.2 38.4 38.8 38.9 38.8 38.9 39 39.1 38.8 38.4 38.2 38.1 38.4 38.6 38.2 38 37.9 37.9 37.8 37.9 38.4 38.8
39.1 39.1 39.3 39.3 39.2 39.3 39.3 39.4 39.5 39.5 39.5 39.4 39.4 39.4 39.4 39.3 39.4 39.5 39.3 39.3 39.3 39.3 39.2 38.9 38.6 38.5 38.7 38.8 38.7 38.5 38.4 38.4 38.4 38.6 38.6 38.7 38.5 38.5 38.5 38.7 38.9 39 39 39 38.9 38.7 38.6 38.9 39.1 39.3 39.2 39 38.8 38.8 38.7 38.8 38.6 38.7 38.6 38.4 38.3 38.4 38.6 38.8 38.9 39 39 38.9 38.8 38.6 38.5 38.2 38.2 38.4 38.2 38.1 38 37.8 37.6 37.8 38.5 38.9
39.1 39.3 39.4 39.5 39.4 39.5 39.5 39.4 39.6 39.7 39.5 39.4 39.5 39.4 39.3 39.3 39.3 39.3 39.1 39 39.1 39.1 39.1 39 38.8 38.7 38.6 38.6 38.7 38.5 38.4 38.4 38.4 38.7 38.7 38.9 38.9 38.8 38.8 38.8 38.9 39 39 38.9 38.9 38.9 38.8 39 39.3 39.3 39.2 39.2 39 38.9 38.8 38.9 38.7 38.6 38.5 38.4 38.5 38.5 38.5 38.7 38.9 39.2 39.3 39.1 38.9 38.8 38.5 38.3 38.3 38.2 38.2 38.3 38.1 37.9 37.6 37.8 38.5 38.9
39.2 39.4 39.6 39.6 39.6 39.7 39.6 39.5 39.6 39.7 39.5 39.3 39.3 39.4 39.2 39.2 39.2 39.2 39 38.8 38.8 38.8 38.8 38.9 39 39 38.7 38.6 38.7 38.7 38.5 38.4 38.5 38.8 38.7 38.9 38.9 38.9 39 38.8 38.9 39 39 38.9 38.8 38.9 39 39.1 39.4 39.1 39.1 39.3 39.3 39.1 38.9 38.9 38.8 38.7 38.6 38.6 38.7 38.7 38.7 38.9 39.1 39.3 39.4 39.3 39 38.8 38.6 38.3 38.2 38.1 38.2 38.5 38.4 38 37.6 37.7 38.3 38.8
39.3 39.4 39.6 39.6 39.7 39.7 39.6 39.5 39.6 39.7 39.5 39.1 39.2 39.3 39.2 39.2 39.2 39.1 39 38.8 38.7 38.7 38.8 39 39.1 39.2 39 38.8 38.7 38.9 38.7 38.7 38.7 38.9 38.9 39 38.9 38.9 39.1 38.8 38.8 38.9 39 38.9 38.9 38.9 39.1 39.4 39.5 39 39 39.2 39.3 39.3 39 38.7 38.8 38.8 38.8 38.8 38.8 38.9 39 39.2 39.2 39.2 39.3 39.3 39 38.8 38.6 38.4 38.2 38.2 38.1 38.5 38.7 38.4 37.7 37.4 37.7 37.8
39.4 39.4 39.5 39.6 39.6 39.7 39.7 39.6 39.5 39.5 39.4 39.3 39.3 39.3 39.3 39.3 39.4 39.2 39 38.9 38.7 38.6 38.8 39 39.1 39.3 39.3 39.1 39.1 39 38.8 38.9 39 39.1 39.2 39.1 39 38.9 39 38.8 38.7 38.8 39 38.9 38.9 38.9 39.1 39.4 39.6 39.3 39.2 39.3 39.4 39.4 39.2 39 38.8 38.9 38.9 39 39.1 39.1 39.3 39.4 39.3 39.2 39.2 39.4 39.1 38.9 38.7 38.6 38.5 38.5 38.3 38.4 38.7 38.5 38.1 37.7 38.1 37.7
39.3 39.4 39.5 39.5 39.6 39.6 39.7 39.7 39.6 39.5 39.5 39.4 39.3 39.3 39.2 39.5 39.5 39.3 39.1 38.8 38.8 38.7 38.9 39 39.2 39.3 39.4 39.3 39.3 39 39 39.2 39.3 39.3 39.3 39.2 39.1 39 39 38.9 38.7 38.7 38.9 39 38.9 39 39.2 39.4 39.5 39.4 39.5 39.6 39.4 39.3 39.3 39.2 38.9 39 39.2 39.2 39.2 39.2 39.5 39.4 39.4 39.3 39.2 39.4 39.1 38.8 38.6 38.7 38.8 38.7 38.4 38.4 38.6 38.4 38.2 38.2 38 37.4
39.3 39.4 39.5 39.5 39.5 39.6 39.6 39.7 39.6 39.6 39.5 39.3 39.1 39.1 39.1 39.4 39.5 39.3 39 38.8 38.7 38.6 38.7 39 39.2 39.4 39.5 39.2 39.1 39.2 39.3 39.4 39.4 39.4 39.3 39.1 39.1 39.1 39.1 38.8 38.8 38.7 38.9 39 39 39 39.2 39.5 39.4 39.4 39.6 39.8 39.6 39.4 39.3 39.2 39.1 39.4 39.4 39.2 39.1 39.2 39.5 39.4 39.4 39.5 39.3 39.3 39.1 38.8 38.5 38.6 38.8 38.8 38.5 38.4 38.5 38.4 38.1 37.9 37.5 36.9
39.3 39.3 39.5 39.6 39.6 39.5 39.5 39.6 39.5 39.6 39.5 39.3 39.1 39.1 39.1 39.2 39.4 39.2 38.9 38.8 38.7 38.6 39 39.2 39.4 39.5 39.6 39.3 39.1 39.2 39.3 39.4 39.4 39.4 39.2 39.2 39.2 39.2 39.2 39 38.9 38.7 38.9 39.1 39.1 39.1 39.4 39.6 39.4 39.2 39.5 39.7 39.8 39.8 39.5 39.2 39.2 39.5 39.6 39.3 39.3 39.5 39.6 39.4 39.5 39.6 39.3 39.2 39 38.7 38.5 38.5 38.6 38.9 38.8 38.5 38.3 38.2 37.9 37.4 36.9 36.5
39.3 39.3 39.4 39.5 39.5 39.5 39.4 39.5 39.5 39.5 39.4 39.3 39.3 39.3 39.1 39.3 39.3 39.1 38.7 38.6 38.8 38.9 39.1 39.3 39.3 39.5 39.5 39.6 39.4 39.3 39.5 39.5 39.5 39.4 39.3 39.3 39.3 39.2 39.1 39 38.8 38.8 38.9 39.1 39 39.1 39.4 39.5 39.2 39.1 39.5 39.8 40 40.1 39.9 39.3 39.2 39.4 39.4 39.4 39.7 39.8 39.5 39.3 39.5 39.6 39.4 39.2 39 38.8 38.6 38.6 38.5 38.7 38.5 38.4 38.4 38.1 37.6 37.3 36.8 36.4
39.3 39.1 39.3 39.5 39.5 39.4 39.3 39.3 39.4 39.5 39.5 39.5 39.5 39.5 39.2 39.3 39.2 39 38.8 38.7 39 39.2 39.3 39.3 39.4 39.5 39.4 39.3 39.4 39.6 39.8 39.6 39.7 39.7 39.5 39.4 39.4 39.3 39.1 39 38.9 38.9 38.9 38.9 39 39 39.3 39.2 39.1 39.1 39.4 39.9 40 40 39.9 39.4 39.2 39.5 39.4 39.6 39.7 39.8 39.7 39.4 39.4 39.6 39.4 39.1 39 38.9 38.9 38.8 38.5 38.5 38.4 38.3 38.4 38.2 38 37.5 36.9 36.6
39.3 39.3 39.4 39.5 39.5 39.5 39.3 39.4 39.5 39.6 39.5 39.6 39.6 39.5 39.2 39.1 39.1 38.9 38.9 38.8 38.9 39.2 39.4 39.4 39.4 39.3 39.3 39.1 39.1 39.6 39.9 39.9 39.7 39.8 39.6 39.4 39.4 39.4 39.3 39.2 39.1 39.1 39 39 39 39 39.1 39.1 39.1 39.1 39.5 40 40 40 40 39.5 39.4 39.4 39.5 39.7 39.9 39.9 39.9 39.6 39.5 39.7 39.8 39.5 39 38.8 38.8 38.8 38.7 38.5 38.4 38.5 38.4 38.3 38.3 37.7 37.2 37.1
39.3 39.4 39.4 39.5 39.6 39.5 39.4 39.5 39.5 39.4 39.4 39.5 39.4 39.3 39.1 39.1 39.1 38.9 38.8 38.9 39.3 39.4 39.4 39.4 39.3 39.3 39.2 39.1 39 39.2 39.5 39.8 39.8 39.8 39.6 39.5 39.5 39.5 39.4 39.2 39.1 39.1 39.1 39 39.1 39.1 39.2 39.1 39.3 39.4 39.7 39.9 40 40 40 39.6 39.4 39.4 39.5 39.7 39.8 39.9 39.9 39.7 39.5 39.7 39.9 39.6 39.2 38.8 38.7 38.8 38.7 38.6 38.6 38.8 38.4 38.2 37.9 37.9 37.6 37.4
39.2 39.3 39.4 39.5 39.6 39.6 39.3 39.4 39.4 39.5 39.5 39.4 39.3 39.2 39.1 39 39.1 38.9 38.7 39.1 39.3 39.2 39.2 39.3 39.3 39.4 39.3 39.2 39.1 39.1 39.3 39.5 39.8 39.9 39.8 39.8 39.8 39.6 39.5 39.4 39.2 39.2 39.2 39.2 39.1 39.2 39.3 39.3 39.3 39.6 39.7 39.7 40 40 40 39.9 39.6 39.6 39.7 39.7 39.8 39.8 39.8 39.7 39.7 39.8 40 39.8 39.4 39.2 38.9 38.8 38.6 38.5 38.6 38.7 38.1 37.6 37.4 37.4 37.4 37.3
39.1 39.2 39.4 39.5 39.6 39.4 39.3 39.3 39.3 39.4 39.4 39.3 39.3 39 39 39 39.2 39.1 38.9 39.1 39.2 39.1 39.1 39.1 39.4 39.4 39.3 39.3 39.2 39.1 39.1 39.3 39.8 40 40 39.9 39.8 39.5 39.4 39.4 39.4 39.3 39.4 39.3 39.2 39.3 39.3 39.5 39.6 39.8 39.6 39.5 39.8 39.8 40.1 40 39.8 39.7 39.7 39.6 39.7 39.8 39.8 39.6 39.7 40 40 39.8 39.6 39.5 39.1 38.8 38.6 38.5 38.4 38.3 38 37.7 37.6 37.4 37.2 36.9
38.9 39.1 39.3 39.3 39.5 39.3 39.1 39.2 39.3 39.4 39.4 39.3 39.1 38.9 39 39 39.2 39.2 39.2 39.2 39.3 39.2 39.2 39.3 39.5 39.3 39.2 39.3 39.2 39.2 39.2 39.5 39.9 40.1 40.1 40 39.9 39.6 39.4 39.4 39.4 39.4 39.6 39.5 39.4 39.4 39.5 39.6 39.6 39.9 39.7 39.5 39.6 39.8 39.9 39.9 39.8 39.7 39.7 39.6 39.6 39.7 39.7 39.6 39.6 39.9 39.9 39.7 39.7 39.7 39.4 39 38.8 38.5 38.5 38.4 38.2 37.9 37.7 37.5 37.2 37
39.1 39 39.2 39.1 39.4 39.3 39.1 39.3 39.4 39.5 39.5 39.5 39.2 39.1 39.1 39.1 39.2 39.2 39.3 39.3 39.3 39.2 39.1 39.3 39.4 39.3 39.1 39.2 39.4 39.2 39.2 39.5 39.9 39.9 39.8 39.9 39.9 39.8 39.7 39.5 39.5 39.5 39.7 39.7 39.5 39.6 39.7 39.7 39.7 39.9 39.9 39.8 39.9 39.9 40 39.9 39.7 39.6 39.8 39.8 39.7 39.6 39.6 39.6 39.6 39.9 39.9 39.7 39.8 39.9 39.7 39.2 38.9 38.6 38.9 38.8 38.5 38.1 37.8 37.6 37.3 37.5
39 38.8 38.9 38.8 39.1 39 39.1 39.3 39.5 39.6 39.5 39.4 39.3 39.1 39 39.1 39.3 39.4 39.4 39.4 39.3 39.3 39.3 39.4 39.5 39.3 39.1 39.2 39.4 39.1 39.1 39.3 39.7 39.8 39.7 39.8 39.9 39.8 39.9 39.7 39.5 39.6 39.7 39.6 39.6 39.7 39.9 39.9 39.8 39.9 40 39.9 39.8 40 40.1 39.8 39.7 39.6 39.7 39.7 39.7 39.7 39.4 39.5 39.6 39.8 39.9 39.8 39.9 39.9 39.7 39.5 39.2 38.9 39.1 38.9 38.5 38.1 37.9 37.6 37.6 37.8
38.7 38.6 38.8 38.7 38.9 39.1 39.2 39.3 39.4 39.3 39.3 39.4 39.2 39.2 39.1 39 39.2 39.3 39.3 39.2 39.2 39.3 39.3 39.3 39.4 39.3 39.2 39.2 39.2 39 39 39.2 39.6 39.9 40 40 39.8 39.7 39.9 40 39.7 39.6 39.7 39.7 39.9 39.8 40 40 39.8 39.9 40.2 40.1 39.9 40 40.1 39.8 39.9 39.6 39.3 39.2 39.3 39.4 39.4 39.5 39.6 39.8 40 40 40 39.9 39.6 39.5 39.5 39.2 39.1 38.8 38.7 38.3 38 37.8 37.7 38.1
38.5 38.8 39 39.1 39.2 39.3 39.4 39.4 39.3 39.4 39.1 39.2 39.1 39.1 39 39 39.2 39.2 39.1 39.2 39.3 39.4 39.2 39.1 39.3 39.2 39.1 39.2 39.1 39 39.1 39.2 39.4 39.8 39.9 39.9 39.7 39.6 39.7 40 39.8 39.6 39.6 39.7 40 40.1 40 40 40 40 40.2 40.2 40.1 40 40 39.9 39.9 39.6 39.3 39.1 39 39.2 39.4 39.5 39.6 39.7 39.7 39.6 39.7 39.8 39.6 39.5 39.5 39.4 39.2 38.9 38.7 38.4 38.2 37.9 37.7 38.2
38.8 38.9 39 39.2 39.3 39.2 39.2 39.1 39.4 39.5 39.3 39.2 39.1 39 39.1 39.1 39.1 39.1 39.3 39.3 39.4 39.5 39.3 39.1 39.1 39 39.1 39.2 39.1 39 39.1 39.3 39.5 39.6 39.6 39.7 39.6 39.5 39.7 39.7 39.6 39.6 39.7 39.8 40 39.9 40 40.1 40.2 40.1 40.2 40.4 40.2 40.1 39.9 39.9 39.7 39.3 39 39 39 39.2 39.4 39.6 39.7 39.6 39.4 38.9 39.3 39.8 39.7 39.6 39.5 39.4 39.1 38.7 38.6 38.4 38.2 37.9 37.8 38.3
38.9 39.1 39 39 39 38.9 39 39 39.4 39.5 39.6 39.4 39.2 39 39.1 39.1 39.1 39.2 39.4 39.4 39.5 39.4 39.3 39.1 39 39.1 39.3 39.2 39.1 39 39.2 39.5 39.7 39.5 39.5 39.6 39.7 39.6 39.7 39.6 39.6 39.4 39.6 39.6 39.7 39.8 39.9 40 40.2 40.1 40.3 40.6 40.3 40.1 39.9 39.7 39.6 39.3 39 38.8 39.1 39.3 39.4 39.6 39.6 39.5 39.3 39.3 39.7 39.8 39.6 39.6 39.4 39.2 39 38.6 38.5 38.2 38 37.8 37.9 38.3
39.1 39.2 39 38.7 38.9 39 39 39.1 39.3 39.6 39.6 39.4 39 39.1 39.1 39.1 39 39.3 39.3 39.4 39.5 39.3 39.2 39.1 39 39.1 39.3 39.1 39 39.2 39.3 39.4 39.5 39.3 39.3 39.5 39.8 39.7 39.8 39.6 39.7 39.7 39.7 39.8 39.7 39.6 39.7 40 40.1 40.1 40.3 40.7 40.7 40.4 40 39.7 39.6 39.4 39.1 38.8 39.1 39.5 39.5 39.5 39.5 39.4 39.5 39.4 39.6 39.6 39.5 39.5 39.3 39.1 39 38.7 38.5 38.2 38 38 37.9 38.2
39.1 39.1 39.1 38.6 38.8 38.8 39 39.1 39.3 39.4 39.4 39.2 38.9 39 39.1 39.1 39 39.2 39.3 39.5 39.5 39.3 39.3 39.1 39 38.9 39.1 39 39.1 39.2 39.3 39.3 39.3 39.3 39.4 39.7 39.9 39.9 39.8 39.5 39.6 39.6 39.5 39.6 39.6 39.6 39.6 39.8 39.9 40.2 40.4 40.7 40.8 40.5 40.2 39.9 39.6 39.4 39.1 38.8 38.9 39.4 39.6 39.5 39.4 39.5 39.6 39.4 39.4 39.4 39.4 39.3 39.3 39.2 38.9 38.8 38.7 38.4 38.2 38.2 38.1 38.4
